Date,Open,High,Low,Close,Volume
2011-01-14,2.3381,2.3381,1.4418,1.4418,21100
2011-01-17,2.2861,2.2862,2.2861,2.2862,0
2011-01-18,2.2862,2.2862,2.2862,2.2862,0
2011-01-19,2.2862,2.2862,2.2862,2.2862,0
2011-01-20,2.2862,2.2862,2.2862,2.2862,17000
2011-01-21,2.2862,2.2862,2.2862,2.2862,0
2011-01-24,2.2862,2.2862,2.2862,2.2862,0
2011-01-25,2.2862,2.2862,2.2862,2.2862,0
2011-01-26,2.2862,2.2862,2.2862,2.2862,0
2011-01-27,2.2862,2.2862,2.2862,2.2862,0
2011-01-28,2.2862,2.2862,2.2862,2.2862,0
2011-02-08,2.2862,2.2862,2.2862,2.2862,0
2011-02-09,2.2862,2.2862,2.2862,2.2862,0
2011-02-10,2.2862,2.2862,2.2862,2.2862,0
2011-02-11,2.2862,2.2862,2.2862,2.2862,0
2011-02-14,2.2862,2.2862,2.2862,2.2862,0
2011-02-15,2.2862,2.2862,2.2862,2.2862,0
2011-02-16,2.2862,2.2862,2.2862,2.2862,0
2011-02-17,2.2862,2.2862,2.2862,2.2862,0
2011-02-18,2.2862,2.2862,2.2862,2.2862,0
2011-02-21,2.0654,2.0654,2.0653,2.0653,500
2011-02-22,2.0653,2.0653,2.0653,2.0653,0
2011-02-23,2.0653,2.0653,2.0653,2.0653,0
2011-02-24,2.0653,2.0653,2.0653,2.0653,0
2011-02-25,2.0653,2.0653,2.0653,2.0653,0
2011-02-28,2.0653,2.0653,2.0653,2.0653,0
2011-03-01,2.0653,2.0653,2.0653,2.0653,0
2011-03-02,2.0653,2.0653,2.0653,2.0653,0
2011-03-03,2.0653,2.0653,2.0653,2.0653,0
2011-03-04,2.0653,2.0653,2.0653,2.0653,0
2011-03-07,2.0653,2.0653,2.0653,2.0653,0
2011-03-08,2.0653,2.0653,2.0653,2.0653,0
2011-03-09,2.0653,2.0653,2.0653,2.0653,0
2011-03-10,2.0653,2.0653,2.0653,2.0653,0
2011-03-11,2.0653,2.0653,2.0653,2.0653,0
2011-03-14,2.0653,2.0653,2.0653,2.0653,0
2011-03-15,2.0653,2.0653,2.0653,2.0653,0
2011-03-16,2.0653,2.0653,2.0653,2.0653,0
2011-03-17,2.0653,2.0653,2.0653,2.0653,0
2011-03-18,2.0653,2.0653,2.0653,2.0653,0
2011-03-21,2.0653,2.0653,2.0653,2.0653,0
2011-03-22,2.0653,2.0653,2.0653,2.0653,0
2011-03-23,2.0653,2.0653,2.0653,2.0653,0
2011-03-24,2.0653,2.0653,2.0653,2.0653,0
2011-03-25,2.0653,2.0653,2.0653,2.0653,0
2011-03-28,2.0653,2.0653,2.0653,2.0653,0
2011-03-29,2.0653,2.0653,2.0653,2.0653,0
2011-04-04,1.5587,1.5587,1.5587,1.5587,500
2011-04-05,1.5587,1.5587,1.5587,1.5587,0
2011-04-06,1.5587,1.5587,1.5587,1.5587,0
2011-04-07,1.5587,1.5587,1.5587,1.5587,0
2011-04-08,1.5587,1.5587,1.5587,1.5587,0
2011-04-13,1.5587,1.5587,1.5587,1.5587,0
2011-04-14,1.5587,1.5587,1.5587,1.5587,0
2011-04-15,1.5587,1.5587,1.5587,1.5587,0
2011-04-18,1.5587,1.5587,1.5587,1.5587,0
2011-04-19,1.5587,1.5587,1.5587,1.5587,0
2011-04-20,1.5587,1.5587,1.5587,1.5587,0
2011-04-21,1.5587,1.5587,1.5587,1.5587,0
2011-04-22,1.5587,1.5587,1.5587,1.5587,0
2011-04-25,1.5587,1.5587,1.5587,1.5587,0
2011-04-26,1.5587,1.5587,1.5587,1.5587,0
2011-04-27,1.5587,1.5587,1.5587,1.5587,0
2011-04-28,1.5587,1.5587,1.5587,1.5587,0
2011-04-29,1.5587,1.5587,1.5587,1.5587,0
2011-05-04,1.5587,1.5587,1.5587,1.5587,0
2011-05-05,1.5587,1.5587,1.5587,1.5587,0
2011-05-06,1.6886,1.6886,1.6886,1.6886,500
2011-05-09,1.5587,1.5587,1.5587,1.5587,0
2011-05-10,1.6886,1.6886,1.6886,1.6886,0
2011-05-11,1.6886,1.6886,1.6886,1.6886,0
2011-05-12,1.6886,1.6886,1.6886,1.6886,0
2011-05-13,1.6886,1.6886,1.6886,1.6886,0
2011-05-16,1.6886,1.6886,1.6886,1.6886,0
2011-05-17,1.6886,1.6886,1.6886,1.6886,0
2011-05-18,1.6886,1.6886,1.6886,1.6886,0
2011-05-19,1.6886,1.6886,1.6886,1.6886,0
2011-05-20,1.6886,1.6886,1.6886,1.6886,0
2011-05-23,1.6886,1.6886,1.6886,1.6886,0
2011-05-24,1.6886,1.6886,1.6886,1.6886,0
2011-05-25,1.6886,1.6886,1.6886,1.6886,0
2011-05-26,1.6886,1.6886,1.6886,1.6886,0
2011-05-27,1.6886,1.6886,1.6886,1.6886,0
2011-05-30,1.6886,1.6886,1.6886,1.6886,0
2011-05-31,1.6886,1.6886,1.6886,1.6886,0
2011-06-01,1.6886,1.6886,1.6886,1.6886,0
2011-06-02,1.6886,1.6886,1.6886,1.6886,0
2011-06-03,1.6886,1.6886,1.6886,1.6886,0
2011-06-06,1.6886,1.6886,1.6886,1.6886,0
2011-06-07,1.6886,1.6886,1.6886,1.6886,0
2011-06-08,1.6886,1.6886,1.6886,1.6886,0
2011-06-09,1.6886,1.6886,1.6886,1.6886,0
2011-06-10,1.6886,1.6886,1.6886,1.6886,0
2011-06-13,1.6886,1.6886,1.6886,1.6886,0
2011-06-14,1.6886,1.6886,1.6886,1.6886,0
2011-06-15,1.7619999999999998,1.7619999999999998,1.7619999999999998,1.7619999999999998,500
2011-06-16,1.7619999999999998,1.7619999999999998,1.7619999999999998,1.7619999999999998,0
2011-06-17,1.7619999999999998,1.7619999999999998,1.7619999999999998,1.7619999999999998,0
2011-06-20,1.7619999999999998,1.7619999999999998,1.7619999999999998,1.7619999999999998,0
2011-06-21,1.7619999999999998,1.7619999999999998,1.7619999999999998,1.7619999999999998,0
2011-06-22,1.5858,1.5858,1.5858,1.5858,1000
2011-06-23,1.5858,1.5858,1.5858,1.5858,0
2011-06-24,1.5858,1.5858,1.5858,1.5858,0
2011-06-27,1.5858,1.5858,1.5858,1.5858,0
2011-06-28,1.5858,1.5858,1.5858,1.5858,0
2011-06-29,1.5858,1.5858,1.5858,1.5858,0
2011-06-30,1.5858,1.5858,1.5858,1.5858,0
2011-07-01,1.5858,1.5858,1.5858,1.5858,0
2011-07-04,1.5858,1.5858,1.5858,1.5858,0
2011-07-05,1.5858,1.5858,1.5858,1.5858,0
2011-07-06,1.5858,1.5858,1.5858,1.5858,0
2011-07-07,1.5858,1.5858,1.5858,1.5858,0
2011-07-08,1.5858,1.5858,1.5858,1.5858,0
2011-07-11,1.5858,1.5858,1.5858,1.5858,0
2011-07-12,1.5858,1.5858,1.5858,1.5858,0
2011-07-13,1.5858,1.5858,1.5858,1.5858,0
2011-07-14,1.5858,1.5858,1.5858,1.5858,0
2011-07-15,1.5858,1.5858,1.5858,1.5858,0
2011-07-18,1.5858,1.5858,1.5858,1.5858,0
2011-07-19,1.5858,1.5858,1.5858,1.5858,0
2011-07-20,1.5858,1.5858,1.5858,1.5858,0
2011-07-21,1.5858,1.5858,1.5858,1.5858,0
2011-07-22,1.5858,1.5858,1.5858,1.5858,0
2011-07-25,1.5858,1.5858,1.5858,1.5858,0
2011-07-26,1.5858,1.5858,1.5858,1.5858,0
2011-07-27,1.5858,1.5858,1.5858,1.5858,420
2011-07-28,1.5858,1.5858,1.5858,1.5858,0
2011-07-29,1.5858,1.5858,1.5858,1.5858,0
2011-08-01,1.5858,1.5858,1.5858,1.5858,0
2011-08-02,1.5858,1.5858,1.5858,1.5858,0
2011-08-03,1.5858,1.5858,1.5858,1.5858,0
2011-08-04,1.5858,1.5858,1.5858,1.5858,0
2011-08-05,1.5858,1.5858,1.5858,1.5858,0
2011-08-08,1.5858,1.5858,1.5858,1.5858,0
2011-08-09,1.5858,1.5858,1.5858,1.5858,0
2011-08-10,1.5858,1.5858,1.5858,1.5858,0
2011-08-11,1.5858,1.5858,1.5858,1.5858,0
2011-08-12,1.5858,1.5858,1.5858,1.5858,0
2011-08-15,1.5858,1.5858,1.5858,1.5858,0
2011-08-16,1.5858,1.5858,1.5858,1.5858,0
2011-08-17,1.5858,1.5858,1.5858,1.5858,0
2011-08-18,1.5858,1.5858,1.5858,1.5858,0
2011-08-19,1.5858,1.5858,1.5858,1.5858,0
2011-08-22,1.5858,1.5858,1.5858,1.5858,0
2011-08-23,1.5858,1.5858,1.5858,1.5858,0
2011-08-24,1.5858,1.5858,1.5858,1.5858,0
2011-08-25,1.5858,1.5858,1.5858,1.5858,0
2011-08-26,1.5858,1.5858,1.5858,1.5858,0
2011-08-29,1.5858,1.5858,1.5858,1.5858,0
2011-08-30,1.5858,1.5858,1.5858,1.5858,0
2011-08-31,1.5858,1.5858,1.5858,1.5858,0
2011-09-01,1.5858,1.5858,1.5858,1.5858,0
2011-09-05,1.5858,1.5858,1.5858,1.5858,0
2011-09-06,1.5858,1.5858,1.5858,1.5858,0
2011-09-07,1.5858,1.5858,1.5858,1.5858,0
2011-09-08,1.5858,1.5858,1.5858,1.5858,0
2011-09-09,1.5858,1.5858,1.5858,1.5858,0
2011-09-12,1.5858,1.5858,1.5858,1.5858,0
2011-09-13,1.5858,1.5858,1.5858,1.5858,0
2011-09-14,1.5858,1.5858,1.5858,1.5858,0
2011-09-15,2.2172,2.2172,2.2172,2.2172,100
2011-09-16,2.2172,2.2172,2.2172,2.2172,0
2011-09-19,2.2172,2.2172,2.2172,2.2172,0
2011-09-20,2.2172,2.2172,2.2172,2.2172,0
2011-09-21,2.2172,2.2172,2.2172,2.2172,0
2011-09-22,2.2172,2.2172,2.2172,2.2172,0
2011-09-23,2.2172,2.2172,2.2172,2.2172,0
2011-09-26,2.2172,2.2172,2.2172,2.2172,0
2011-09-27,2.2172,2.2172,2.2172,2.2172,0
2011-09-28,2.2172,2.2172,2.2172,2.2172,0
2011-09-29,2.2172,2.2172,2.2172,2.2172,0
2011-09-30,2.2172,2.2172,2.2172,2.2172,0
2011-10-03,2.2172,2.2172,2.2172,2.2172,0
2011-10-04,2.2172,2.2172,2.2172,2.2172,0
2011-10-05,2.2172,2.2172,2.2172,2.2172,0
2011-10-06,2.2172,2.2172,2.2172,2.2172,0
2011-10-07,2.2172,2.2172,2.2172,2.2172,0
2011-10-10,2.2172,2.2172,2.2172,2.2172,0
2011-10-11,2.2172,2.2172,2.2172,2.2172,0
2011-10-12,2.2172,2.2172,2.2172,2.2172,0
2011-10-13,2.2172,2.2172,2.2172,2.2172,0
2011-10-14,2.2172,2.2172,2.2172,2.2172,0
2011-10-17,2.2172,2.2172,2.2172,2.2172,0
2011-10-18,2.2172,2.2172,2.2172,2.2172,0
2011-10-19,2.2172,2.2172,2.2172,2.2172,0
2011-10-20,2.2172,2.2172,2.2172,2.2172,0
2011-10-21,2.2172,2.2172,2.2172,2.2172,0
2011-10-24,2.2172,2.2172,2.2172,2.2172,0
2011-10-25,2.2172,2.2172,2.2172,2.2172,0
2011-10-26,2.2172,2.2172,2.2172,2.2172,0
2011-10-27,2.2172,2.2172,2.2172,2.2172,0
2011-10-28,2.2172,2.2172,2.2172,2.2172,0
2011-10-31,2.2172,2.2172,2.2172,2.2172,0
2011-11-01,2.2172,2.2172,2.2172,2.2172,0
2011-11-02,2.2172,2.2172,2.2172,2.2172,0
2011-11-03,2.2172,2.2172,2.2172,2.2172,0
2011-11-04,2.2172,2.2172,2.2172,2.2172,0
2011-11-07,2.2172,2.2172,2.2172,2.2172,0
2011-11-08,2.2172,2.2172,2.2172,2.2172,0
2011-11-09,2.2172,2.2172,2.2172,2.2172,0
2011-11-10,2.2172,2.2172,2.2172,2.2172,0
2011-11-11,2.2172,2.2172,2.2172,2.2172,0
2011-11-14,2.2172,2.2172,2.2172,2.2172,0
2011-11-15,2.2172,2.2172,2.2172,2.2172,0
2011-11-16,2.2172,2.2172,2.2172,2.2172,0
2011-11-17,2.2172,2.2172,2.2172,2.2172,0
2011-11-18,2.2172,2.2172,2.2172,2.2172,0
2011-11-21,2.2172,2.2172,2.2172,2.2172,0
2011-11-22,2.2172,2.2172,2.2172,2.2172,0
2011-11-23,2.2172,2.2172,2.2172,2.2172,0
2011-11-24,2.2172,2.2172,2.2172,2.2172,0
2011-11-25,2.2172,2.2172,2.2172,2.2172,0
2011-11-28,1.4683,1.4683,1.4683,1.4683,50000
2011-11-29,1.4683,1.4683,1.4683,1.4683,0
2011-11-30,1.4683,1.4683,1.4683,1.4683,0
2011-12-01,1.4683,1.4683,1.4683,1.4683,0
2011-12-02,1.4683,1.4683,1.4683,1.4683,0
2011-12-05,1.4683,1.4683,1.4683,1.4683,0
2011-12-06,1.4683,1.4683,1.4683,1.4683,0
2011-12-07,1.4683,1.4683,1.4683,1.4683,0
2011-12-08,1.4683,1.4683,1.4683,1.4683,0
2011-12-09,1.4683,1.4683,1.4683,1.4683,0
2011-12-12,1.4683,1.4683,1.4683,1.4683,0
2011-12-13,1.4683,1.4683,1.4683,1.4683,0
2011-12-14,1.4683,1.4683,1.4683,1.4683,0
2011-12-15,1.4683,1.4683,1.4683,1.4683,0
2011-12-16,1.4683,1.4683,1.4683,1.4683,0
2011-12-19,1.4683,1.4683,1.4683,1.4683,0
2011-12-20,1.4683,1.4683,1.4683,1.4683,0
2011-12-21,1.4683,1.4683,1.4683,1.4683,10000
2011-12-22,1.4683,1.4683,1.4683,1.4683,0
2011-12-23,1.4683,1.4683,1.4683,1.4683,0
2011-12-26,1.4683,1.4683,1.4683,1.4683,0
2011-12-27,1.4683,1.4683,1.4683,1.4683,0
2011-12-28,1.4683,1.4683,1.4683,1.4683,0
2011-12-29,1.4683,1.4683,1.4683,1.4683,0
2011-12-30,1.4683,1.4683,1.4683,1.4683,0
2012-01-03,1.4683,1.4683,1.4683,1.4683,0
2012-01-04,1.4683,1.4683,1.4683,1.4683,0
2012-01-05,1.4683,1.4683,1.4683,1.4683,0
2012-01-06,1.4683,1.4683,1.4683,1.4683,0
2012-01-09,1.4683,1.4683,1.4683,1.4683,0
2012-01-10,1.4683,1.4683,1.4683,1.4683,0
2012-01-11,1.4683,1.4683,1.4683,1.4683,0
2012-01-12,1.4683,1.4683,1.4683,1.4683,0
2012-01-13,1.4683,1.4683,1.4683,1.4683,0
2012-01-16,1.4683,1.4683,1.4683,1.4683,0
2012-01-17,1.4683,1.4683,1.4683,1.4683,0
2012-01-18,1.4683,1.4683,1.4683,1.4683,0
2012-01-19,1.4683,1.4683,1.4683,1.4683,0
2012-01-20,1.4683,1.4683,1.4683,1.4683,0
2012-01-30,1.4683,1.4683,1.4683,1.4683,0
2012-01-31,1.4683,1.4683,1.4683,1.4683,0
2012-02-01,1.4683,1.4683,1.4683,1.4683,0
2012-02-02,1.4683,1.4683,1.4683,1.4683,0
2012-02-03,1.4683,1.4683,1.4683,1.4683,0
2012-02-06,1.4683,1.4683,1.4683,1.4683,0
2012-02-07,1.4683,1.4683,1.4683,1.4683,0
2012-02-08,1.4683,1.4683,1.4683,1.4683,0
2012-02-09,1.4683,1.4683,1.4683,1.4683,0
2012-02-10,1.4683,1.4683,1.4683,1.4683,0
2012-02-13,1.4683,1.4683,1.4683,1.4683,500
2012-02-14,1.4683,1.4683,1.4683,1.4683,0
2012-02-15,1.4683,1.4683,1.4683,1.4683,0
2012-02-16,1.4683,1.4683,1.4683,1.4683,0
2012-02-17,1.4683,1.4683,1.4683,1.4683,0
2012-02-20,1.4683,1.4683,1.4683,1.4683,0
2012-02-21,1.4683,1.4683,1.4683,1.4683,0
2012-02-22,1.4683,1.4683,1.4683,1.4683,0
2012-02-23,1.4683,1.4683,1.4683,1.4683,0
2012-02-24,1.4683,1.4683,1.4683,1.4683,0
2012-02-27,1.4683,1.4683,1.4683,1.4683,0
2012-02-28,1.4683,1.4683,1.4683,1.4683,0
2012-02-29,1.4683,1.4683,1.4683,1.4683,0
2012-03-01,1.4683,1.4683,1.4683,1.4683,0
2012-03-02,1.4683,1.4683,1.4683,1.4683,0
2012-03-05,1.4683,1.4683,1.4683,1.4683,0
2012-03-06,1.4683,1.4683,1.4683,1.4683,0
2012-03-07,1.4683,1.4683,1.4683,1.4683,0
2012-03-08,1.4683,1.4683,1.4683,1.4683,0
2012-03-09,1.4683,1.4683,1.4683,1.4683,0
2012-03-12,1.4683,1.4683,1.4683,1.4683,0
2012-03-13,1.4683,1.4683,1.4683,1.4683,0
2012-03-14,1.4683,1.4683,1.4683,1.4683,0
2012-03-15,1.4683,1.4683,1.4683,1.4683,0
2012-03-16,1.4683,1.4683,1.4683,1.4683,0
2012-03-19,1.4683,1.4683,1.4683,1.4683,0
2012-03-20,1.4683,1.4683,1.4683,1.4683,0
2012-03-21,1.4683,1.4683,1.4683,1.4683,0
2012-03-22,1.4683,1.4683,1.4683,1.4683,0
2012-03-23,1.4683,1.4683,1.4683,1.4683,0
2012-03-26,1.4683,1.4683,1.4683,1.4683,0
2012-03-27,1.4683,1.4683,1.4683,1.4683,0
2012-03-28,1.4683,1.4683,1.4683,1.4683,0
2012-03-29,1.4683,1.4683,1.4683,1.4683,0
2012-03-30,1.4683,1.4683,1.4683,1.4683,0
2012-04-03,1.7619999999999998,1.7619999999999998,1.7619999999999998,1.7619999999999998,1000
2012-04-04,1.7619999999999998,1.7619999999999998,1.7619999999999998,1.7619999999999998,0
2012-04-05,1.7619999999999998,1.7619999999999998,1.7619999999999998,1.7619999999999998,0
2012-04-06,1.7619999999999998,1.7619999999999998,1.7619999999999998,1.7619999999999998,0
2012-04-09,1.7619999999999998,1.7619999999999998,1.7619999999999998,1.7619999999999998,0
2012-04-10,1.7619999999999998,1.7619999999999998,1.7619999999999998,1.7619999999999998,0
2012-04-11,1.7619999999999998,1.7619999999999998,1.7619999999999998,1.7619999999999998,0
2012-04-12,1.7619999999999998,1.7619999999999998,1.7619999999999998,1.7619999999999998,0
2012-04-13,1.7619999999999998,1.7619999999999998,1.7619999999999998,1.7619999999999998,0
2012-04-16,1.7619999999999998,1.7619999999999998,1.7619999999999998,1.7619999999999998,0
2012-04-17,1.7619999999999998,1.7619999999999998,1.7619999999999998,1.7619999999999998,0
2012-04-18,1.7619999999999998,1.7619999999999998,1.7619999999999998,1.7619999999999998,0
2012-04-19,1.7619999999999998,1.7619999999999998,1.7619999999999998,1.7619999999999998,0
2012-04-20,1.7619999999999998,1.7619999999999998,1.7619999999999998,1.7619999999999998,0
2012-04-23,1.7619999999999998,1.7619999999999998,1.7619999999999998,1.7619999999999998,0
2012-04-24,1.7619999999999998,1.7619999999999998,1.7619999999999998,1.7619999999999998,0
2012-04-25,1.7619999999999998,1.7619999999999998,1.7619999999999998,1.7619999999999998,0
2012-04-26,1.7619999999999998,1.7619999999999998,1.7619999999999998,1.7619999999999998,0
2012-04-27,1.7619999999999998,1.7619999999999998,1.7619999999999998,1.7619999999999998,0
2012-05-02,1.7619999999999998,1.7619999999999998,1.7619999999999998,1.7619999999999998,0
2012-05-03,1.7619999999999998,1.7619999999999998,1.7619999999999998,1.7619999999999998,0
2012-05-04,1.7619999999999998,1.7619999999999998,1.7619999999999998,1.7619999999999998,0
2012-05-07,1.7619999999999998,1.7619999999999998,1.7619999999999998,1.7619999999999998,0
2012-05-08,1.7619999999999998,1.7619999999999998,1.7619999999999998,1.7619999999999998,0
2012-05-09,1.7619999999999998,1.7619999999999998,1.7619999999999998,1.7619999999999998,0
2012-05-10,1.7619999999999998,1.7619999999999998,1.7619999999999998,1.7619999999999998,0
2012-05-11,1.7619999999999998,1.7619999999999998,1.7619999999999998,1.7619999999999998,0
2012-05-14,1.7619999999999998,1.7619999999999998,1.7619999999999998,1.7619999999999998,0
2012-05-15,1.7619999999999998,1.7619999999999998,1.7619999999999998,1.7619999999999998,0
2012-05-16,1.4683,1.4683,1.4683,1.4683,1000
2012-05-17,1.4683,1.4683,1.4683,1.4683,0
2012-05-18,1.4683,1.4683,1.4683,1.4683,0
2012-05-21,1.4683,1.4683,1.4683,1.4683,0
2012-05-22,1.4683,1.4683,1.4683,1.4683,0
2012-05-23,1.4683,1.4683,1.4683,1.4683,0
2012-05-24,1.4683,1.4683,1.4683,1.4683,0
2012-05-25,1.4683,1.4683,1.4683,1.4683,0
2012-05-28,1.6151,1.6152,1.6151,1.6152,400
2012-05-29,1.6152,1.6152,1.6152,1.6152,0
2012-05-30,1.6152,1.6152,1.6152,1.6152,0
2012-05-31,1.6152,1.6152,1.6152,1.6152,0
2012-06-01,1.4684,1.4684,1.4683,1.4683,100
2012-06-04,1.3215,1.3215,1.3215,1.3215,100
2012-06-05,1.193,1.193,1.193,1.193,100
2012-06-06,1.0829,1.0829,1.0829,1.0829,100
2012-06-07,1.0829,1.0829,1.0829,1.0829,0
2012-06-08,1.0829,1.0829,1.0829,1.0829,0
2012-06-11,1.0829,1.0829,1.0829,1.0829,0
2012-06-12,1.1747,1.1747,1.1747,1.1747,500
2012-06-13,1.1747,1.1747,1.1747,1.1747,0
2012-06-14,1.0646,1.0646,1.0645,1.0645,100
2012-06-15,1.1563,1.1563,1.1563,1.1563,1000
2012-06-18,1.2664,1.2664,1.2664,1.2664,1000
2012-06-19,1.1563,1.1563,1.1563,1.1563,100
2012-06-20,1.0645,1.0645,1.0645,1.0645,100
2012-06-21,1.1563,1.1563,1.1563,1.1563,3000
2012-06-22,1.1563,1.1563,1.1563,1.1563,0
2012-06-25,1.1563,1.1563,1.1563,1.1563,0
2012-06-26,1.0462,1.0462,1.0462,1.0462,100
2012-06-27,0.9544,0.9544,0.9544,0.9544,100
2012-06-28,0.9544,0.9544,0.9544,0.9544,0
2012-06-29,0.9544,0.9544,0.9544,0.9544,0
2012-07-02,0.9544,0.9544,0.9544,0.9544,0
2012-07-03,0.9544,0.9544,0.9544,0.9544,0
2012-07-04,0.9544,0.9544,0.9544,0.9544,0
2012-07-05,0.9544,0.9544,0.9544,0.9544,0
2012-07-06,0.8626,0.8626,0.8626,0.8626,100
2012-07-09,0.8626,0.8626,0.8626,0.8626,0
2012-07-10,0.8626,0.8626,0.8626,0.8626,0
2012-07-11,0.8626,0.8626,0.8626,0.8626,0
2012-07-12,0.8626,0.8626,0.8626,0.8626,0
2012-07-13,0.8626,0.8626,0.8626,0.8626,0
2012-07-16,0.8626,0.8626,0.8626,0.8626,0
2012-07-17,0.8626,0.8626,0.8626,0.8626,0
2012-07-18,0.8626,0.8626,0.8626,0.8626,0
2012-07-19,0.8626,0.8626,0.8626,0.8626,0
2012-07-20,0.8626,0.8626,0.8626,0.8626,0
2012-07-23,0.8626,0.8626,0.8626,0.8626,0
2012-07-24,0.8626,0.8626,0.8626,0.8626,0
2012-07-25,0.8626,0.8626,0.8626,0.8626,0
2012-07-26,0.8626,0.8626,0.8626,0.8626,0
2012-07-27,0.8626,0.8626,0.8626,0.8626,0
2012-07-30,0.8626,0.8626,0.8626,0.8626,0
2012-07-31,0.8626,0.8626,0.8626,0.8626,0
2012-08-01,0.8626,0.8626,0.8626,0.8626,0
2012-08-02,0.8626,0.8626,0.8626,0.8626,0
2012-08-03,0.8626,0.8626,0.8626,0.8626,0
2012-08-06,0.8626,0.8626,0.8626,0.8626,0
2012-08-07,0.8626,0.8626,0.8626,0.8626,0
2012-08-08,0.8626,0.8626,0.8626,0.8626,0
2012-08-09,0.8626,0.8626,0.8626,0.8626,0
2012-08-10,0.8626,0.8626,0.8626,0.8626,0
2012-08-13,0.8626,0.8626,0.8626,0.8626,0
2012-08-14,1.193,1.193,1.193,1.193,5000
2012-08-15,1.0829,1.0829,1.0829,1.0829,100
2012-08-16,1.0829,1.0829,1.0829,1.0829,0
2012-08-17,1.0829,1.0829,1.0829,1.0829,0
2012-08-20,1.0829,1.0829,1.0829,1.0829,0
2012-08-21,1.0829,1.0829,1.0829,1.0829,0
2012-08-22,1.0829,1.0829,1.0829,1.0829,0
2012-08-23,0.9911,0.9911,0.9911,0.9911,100
2012-08-24,0.9911,0.9911,0.9911,0.9911,0
2012-08-27,1.0829,1.0829,1.0829,1.0829,5000
2012-08-28,1.0829,1.0829,1.0829,1.0829,0
2012-08-29,0.9911,0.9911,0.9911,0.9911,100
2012-08-30,1.0829,1.0829,1.0829,1.0829,1000
2012-08-31,1.0829,1.0829,1.0829,1.0829,0
2012-09-04,1.0829,1.0829,1.0829,1.0829,0
2012-09-05,1.0829,1.0829,1.0829,1.0829,0
2012-09-06,1.0829,1.0829,1.0829,1.0829,0
2012-09-07,1.0829,1.0829,1.0829,1.0829,0
2012-09-10,1.0829,1.0829,1.0829,1.0829,0
2012-09-11,1.0829,1.0829,1.0829,1.0829,0
2012-09-12,1.0829,1.0829,1.0829,1.0829,0
2012-09-13,1.0829,1.0829,1.0829,1.0829,0
2012-09-14,1.0829,1.0829,1.0829,1.0829,0
2012-09-17,1.0829,1.0829,1.0829,1.0829,0
2012-09-18,1.0829,1.0829,1.0829,1.0829,0
2012-09-19,1.0829,1.0829,1.0829,1.0829,0
2012-09-20,1.0829,1.0829,1.0829,1.0829,0
2012-09-21,1.0829,1.0829,1.0829,1.0829,0
2012-09-24,1.0829,1.0829,1.0829,1.0829,0
2012-09-25,1.0829,1.0829,1.0829,1.0829,0
2012-09-26,1.0829,1.0829,1.0829,1.0829,0
2012-09-27,1.0829,1.0829,1.0829,1.0829,0
2012-09-28,1.0829,1.0829,1.0829,1.0829,0
2012-10-01,1.0829,1.0829,1.0829,1.0829,0
2012-10-02,1.0829,1.0829,1.0829,1.0829,0
2012-10-03,1.0829,1.0829,1.0829,1.0829,0
2012-10-04,1.0829,1.0829,1.0829,1.0829,0
2012-10-05,1.0829,1.0829,1.0829,1.0829,0
2012-10-08,1.0829,1.0829,1.0829,1.0829,0
2012-10-09,1.0829,1.0829,1.0829,1.0829,0
2012-10-10,1.505,1.505,1.505,1.505,1000
2012-10-11,1.505,1.505,1.505,1.505,0
2012-10-12,1.505,1.505,1.505,1.505,0
2012-10-15,1.505,1.505,1.505,1.505,0
2012-10-16,1.505,1.505,1.505,1.505,0
2012-10-17,1.505,1.505,1.505,1.505,0
2012-10-18,1.505,1.505,1.505,1.505,0
2012-10-19,1.505,1.505,1.505,1.505,0
2012-10-22,1.505,1.505,1.505,1.505,0
2012-10-23,1.505,1.505,1.505,1.505,0
2012-10-24,1.505,1.505,1.505,1.505,0
2012-10-25,1.505,1.505,1.505,1.505,0
2012-10-26,1.505,1.505,1.505,1.505,0
2012-10-29,1.505,1.505,1.505,1.505,0
2012-10-30,1.505,1.505,1.505,1.505,0
2012-10-31,1.505,1.505,1.505,1.505,0
2012-11-01,1.505,1.505,1.505,1.505,0
2012-11-02,1.505,1.505,1.505,1.505,0
2012-11-05,1.505,1.505,1.505,1.505,0
2012-11-06,1.505,1.505,1.505,1.505,0
2012-11-07,1.505,1.505,1.505,1.505,0
2012-11-08,1.505,1.505,1.505,1.505,0
2012-11-09,1.505,1.505,1.505,1.505,0
2012-11-12,1.505,1.505,1.505,1.505,0
2012-11-13,1.505,1.505,1.505,1.505,0
2012-11-14,1.6518,1.6519,1.6518,1.6519,100
2012-11-15,1.6519,1.6519,1.6519,1.6519,0
2012-11-16,1.8171,1.8171,1.8171,1.8171,100
2012-11-19,1.8171,1.8171,1.8171,1.8171,0
2012-11-20,1.9823,1.9823,1.9822,1.9822,100
2012-11-21,1.9822,1.9822,1.9822,1.9822,0
2012-11-22,1.7987,1.7987,1.7987,1.7987,100
2012-11-23,1.7987,1.7987,1.7987,1.7987,0
2012-11-26,1.7987,1.7987,1.7987,1.7987,0
2012-11-27,1.7987,1.7987,1.7987,1.7987,0
2012-11-28,1.7987,1.7987,1.7987,1.7987,0
2012-11-29,1.7987,1.7987,1.7987,1.7987,0
2012-11-30,1.7987,1.7987,1.7987,1.7987,0
2012-12-03,1.7987,1.7987,1.7987,1.7987,0
2012-12-04,1.6335,1.6335,1.6335,1.6335,100
2012-12-05,1.4867,1.4867,1.4867,1.4867,100
2012-12-06,1.4867,1.4867,1.4867,1.4867,0
2012-12-07,1.4867,1.4867,1.4867,1.4867,0
2012-12-10,1.4867,1.4867,1.4867,1.4867,0
2012-12-11,1.3399,1.3399,1.3399,1.3399,100
2012-12-12,1.3399,1.3399,1.3399,1.3399,0
2012-12-13,1.3399,1.3399,1.3399,1.3399,0
2012-12-14,1.4684,1.4684,1.4683,1.4683,100
2012-12-17,1.6151,1.6152,1.6151,1.6152,100
2012-12-18,1.4684,1.7619999999999998,1.4684,1.7619999999999998,1100
2012-12-19,1.7436,1.7436,1.7436,1.7436,0
2012-12-20,1.5784,1.8354,1.5784,1.8354,3800
2012-12-21,1.6519,1.6519,1.6519,1.6519,100
2012-12-24,1.4867,1.4867,1.4867,1.4867,100
2012-12-25,1.4867,1.4867,1.4867,1.4867,0
2012-12-26,1.4867,1.4867,1.4867,1.4867,0
2012-12-27,1.3399,1.3399,1.3399,1.3399,100
2012-12-28,1.3399,1.3399,1.3399,1.3399,0
2013-01-02,1.2298,1.2298,1.2297,1.2297,100
2013-01-03,1.2297,1.2297,1.2297,1.2297,0
2013-01-04,1.2297,1.2297,1.2297,1.2297,0
2013-01-07,1.2297,1.2297,1.2297,1.2297,0
2013-01-08,1.1196,1.1196,1.1196,1.1196,100
2013-01-09,1.1196,1.1196,1.1196,1.1196,0
2013-01-10,1.0095,1.0095,1.0095,1.0095,100
2013-01-11,1.0095,1.0095,1.0095,1.0095,0
2013-01-14,1.0095,1.0095,1.0095,1.0095,0
2013-01-15,1.0095,1.0095,1.0095,1.0095,0
2013-01-16,1.0095,1.0095,1.0095,1.0095,0
2013-01-17,1.0095,1.0095,1.0095,1.0095,0
2013-01-18,1.0095,1.0095,1.0095,1.0095,0
2013-01-21,1.0095,1.0095,1.0095,1.0095,0
2013-01-22,0.9177,0.9177,0.9177,0.9177,100
2013-01-23,0.9177,0.9177,0.9177,0.9177,0
2013-01-24,0.9177,0.9177,0.9177,0.9177,0
2013-01-25,0.9177,0.9177,0.9177,0.9177,0
2013-01-28,0.9177,0.9177,0.9177,0.9177,0
2013-01-29,0.9177,0.9177,0.9177,0.9177,0
2013-01-30,0.9177,0.9177,0.9177,0.9177,0
2013-01-31,0.9177,0.9177,0.9177,0.9177,0
2013-02-01,0.9177,0.9177,0.9177,0.9177,0
2013-02-04,0.9177,0.9177,0.9177,0.9177,0
2013-02-05,0.9177,0.9177,0.9177,0.9177,0
2013-02-06,0.9177,0.9177,0.9177,0.9177,0
2013-02-07,0.9177,0.9177,0.9177,0.9177,0
2013-02-08,0.9177,0.9177,0.9177,0.9177,0
2013-02-18,0.9177,0.9177,0.9177,0.9177,0
2013-02-19,0.9177,0.9177,0.9177,0.9177,0
2013-02-20,0.9177,0.9177,0.9177,0.9177,0
2013-02-21,0.9177,0.9177,0.9177,0.9177,0
2013-02-22,0.9177,0.9177,0.9177,0.9177,0
2013-02-25,0.9177,0.9177,0.9177,0.9177,0
2013-02-26,0.9177,0.9177,0.9177,0.9177,0
2013-02-27,0.9177,0.9177,0.9177,0.9177,0
2013-02-28,0.9177,0.9177,0.9177,0.9177,0
2013-03-01,0.9177,0.9177,0.9177,0.9177,0
2013-03-04,0.9177,0.9177,0.9177,0.9177,0
2013-03-05,0.9177,0.9177,0.9177,0.9177,0
2013-03-06,0.9177,0.9177,0.9177,0.9177,0
2013-03-07,1.2848,1.2848,1.2848,1.2848,1000
2013-03-08,1.2848,1.2848,1.2848,1.2848,0
2013-03-11,1.2848,1.2848,1.2848,1.2848,0
2013-03-12,1.1747,1.1747,1.1747,1.1747,100
2013-03-13,1.0646,1.0646,1.0645,1.0645,100
2013-03-14,1.0645,1.0645,1.0645,1.0645,0
2013-03-15,1.0645,1.0645,1.0645,1.0645,0
2013-03-18,0.9911,0.9911,0.9911,0.9911,100
2013-03-19,0.9911,0.9911,0.9911,0.9911,0
2013-03-20,0.9911,0.9911,0.9911,0.9911,0
2013-03-21,0.9911,0.9911,0.9911,0.9911,0
2013-03-22,0.9911,0.9911,0.9911,0.9911,0
2013-03-25,0.9911,0.9911,0.9911,0.9911,0
2013-03-26,0.9911,0.9911,0.9911,0.9911,0
2013-03-27,0.9911,0.9911,0.9911,0.9911,0
2013-03-28,0.9911,0.9911,0.9911,0.9911,0
2013-03-29,0.9911,0.9911,0.9911,0.9911,0
2013-04-01,0.9911,0.9911,0.9911,0.9911,0
2013-04-02,0.9911,0.9911,0.9911,0.9911,0
2013-04-03,0.9911,0.9911,0.9911,0.9911,0
2013-04-04,0.9911,0.9911,0.9911,0.9911,0
2013-04-05,0.9911,0.9911,0.9911,0.9911,0
2013-04-08,0.9911,0.9911,0.9911,0.9911,0
2013-04-09,0.9911,0.9911,0.9911,0.9911,0
2013-04-10,0.9911,0.9911,0.9911,0.9911,0
2013-04-11,0.8993,0.8994,0.8993,0.8994,100
2013-04-12,0.8994,0.8994,0.8994,0.8994,0
2013-04-15,0.8994,0.8994,0.8994,0.8994,0
2013-04-16,0.8994,0.8994,0.8994,0.8994,0
2013-04-17,0.8994,0.8994,0.8994,0.8994,0
2013-04-18,0.8994,0.8994,0.8994,0.8994,0
2013-04-22,0.8994,0.8994,0.8994,0.8994,0
2013-04-23,0.8994,0.8994,0.8994,0.8994,0
2013-04-24,0.8994,0.8994,0.8994,0.8994,0
2013-04-25,0.8994,0.8994,0.8994,0.8994,0
2013-04-26,0.8994,0.8994,0.8994,0.8994,0
2013-05-02,0.8994,0.8994,0.8994,0.8994,0
2013-05-03,0.8994,0.8994,0.8994,0.8994,0
2013-05-06,0.8994,0.8994,0.8994,0.8994,0
2013-05-07,0.8994,0.8994,0.8994,0.8994,0
2013-05-08,0.8994,0.8994,0.8994,0.8994,0
2013-05-09,0.8994,0.8994,0.8994,0.8994,0
2013-05-10,0.8994,0.8994,0.8994,0.8994,0
2013-05-13,0.8994,0.8994,0.8994,0.8994,0
2013-05-14,0.9728,0.9728,0.9728,0.9728,5000
2013-05-15,0.9728,0.9728,0.9728,0.9728,0
2013-05-16,0.9728,0.9728,0.9728,0.9728,0
2013-05-17,0.9728,0.9728,0.9728,0.9728,0
2013-05-20,0.9728,0.9728,0.9728,0.9728,0
2013-05-21,0.9728,0.9728,0.9728,0.9728,0
2013-05-22,0.9728,0.9728,0.9728,0.9728,0
2013-05-23,0.9728,0.9728,0.9728,0.9728,0
2013-05-24,0.9728,0.9728,0.9728,0.9728,0
2013-05-27,0.9728,0.9728,0.9728,0.9728,0
2013-05-28,0.9728,0.9728,0.9728,0.9728,0
2013-05-29,1.0646,1.0646,1.0645,1.0645,3000
2013-05-30,1.0645,1.0645,1.0645,1.0645,0
2013-05-31,1.0645,1.0645,1.0645,1.0645,0
2013-06-03,1.0645,1.0645,1.0645,1.0645,0
2013-06-04,1.0645,1.0645,1.0645,1.0645,0
2013-06-05,1.0645,1.0645,1.0645,1.0645,0
2013-06-06,1.0645,1.0645,1.0645,1.0645,0
2013-06-07,1.0645,1.0645,1.0645,1.0645,0
2013-06-10,1.0645,1.0645,1.0645,1.0645,0
2013-06-11,1.0645,1.0645,1.0645,1.0645,0
2013-06-12,1.0645,1.0645,1.0645,1.0645,0
2013-06-13,1.0645,1.0645,1.0645,1.0645,0
2013-06-14,1.0645,1.0645,1.0645,1.0645,0
2013-06-17,1.0645,1.0645,1.0645,1.0645,0
2013-06-18,1.0645,1.0645,1.0645,1.0645,0
2013-06-19,1.0645,1.0645,1.0645,1.0645,0
2013-06-20,1.0645,1.0645,1.0645,1.0645,0
2013-06-21,1.0645,1.0645,1.0645,1.0645,0
2013-06-24,1.0645,1.0645,1.0645,1.0645,0
2013-06-25,1.0645,1.0645,1.0645,1.0645,0
2013-06-26,1.0645,1.0645,1.0645,1.0645,0
2013-06-27,1.0645,1.0645,1.0645,1.0645,0
2013-06-28,1.0645,1.0645,1.0645,1.0645,0
2013-07-01,1.0645,1.0645,1.0645,1.0645,0
2013-07-02,1.0645,1.0645,1.0645,1.0645,0
2013-07-03,1.0645,1.0645,1.0645,1.0645,0
2013-07-04,1.0645,1.0645,1.0645,1.0645,0
2013-07-05,1.0645,1.0645,1.0645,1.0645,0
2013-07-08,1.0645,1.0645,1.0645,1.0645,0
2013-07-09,1.1976,1.1976,1.1976,1.1976,200
2013-07-10,1.1976,1.1976,1.1976,1.1976,0
2013-07-11,1.1976,1.1976,1.1976,1.1976,0
2013-07-12,1.1976,1.1976,1.1976,1.1976,0
2013-07-15,1.1976,1.1976,1.1976,1.1976,0
2013-07-16,1.1976,1.1976,1.1976,1.1976,0
2013-07-17,1.1976,1.1976,1.1976,1.1976,0
2013-07-18,1.1976,1.1976,1.1976,1.1976,0
2013-07-19,1.1976,1.1976,1.1976,1.1976,0
2013-07-22,1.1976,1.1976,1.1976,1.1976,0
2013-07-23,1.1976,1.1976,1.1976,1.1976,0
2013-07-24,1.1976,1.1976,1.1976,1.1976,0
2013-07-25,1.0911,1.1178,1.0911,1.1178,5900
2013-07-26,1.0912,1.0912,1.0912,1.0912,0
2013-07-29,1.0912,1.0912,1.0912,1.0912,0
2013-07-30,1.0912,1.0912,1.0912,1.0912,0
2013-07-31,1.0912,1.0912,1.0912,1.0912,0
2013-08-01,1.0114,1.0114,1.0113,1.0113,0
2013-08-02,1.0113,1.0113,1.0113,1.0113,0
2013-08-05,1.0113,1.0113,1.0113,1.0113,0
2013-08-06,1.0113,1.0113,1.0113,1.0113,0
2013-08-07,1.0113,1.0113,1.0113,1.0113,0
2013-08-08,1.0113,1.0113,1.0113,1.0113,0
2013-08-09,1.0113,1.0113,1.0113,1.0113,0
2013-08-12,1.0113,1.0113,1.0113,1.0113,0
2013-08-13,1.0113,1.0113,1.0113,1.0113,0
2013-08-14,1.0113,1.0113,1.0113,1.0113,0
2013-08-15,1.0113,1.0113,1.0113,1.0113,0
2013-08-16,1.0113,1.0113,1.0113,1.0113,0
2013-08-19,1.0113,1.0113,1.0113,1.0113,0
2013-08-20,1.0113,1.0113,1.0113,1.0113,0
2013-08-21,1.0113,1.0113,1.0113,1.0113,0
2013-08-22,1.0113,1.0113,1.0113,1.0113,0
2013-08-23,1.0113,1.0113,1.0113,1.0113,0
2013-08-26,1.0113,1.0113,1.0113,1.0113,0
2013-08-27,1.0113,1.0113,1.0113,1.0113,0
2013-08-28,1.0113,1.0113,1.0113,1.0113,0
2013-08-29,1.0113,1.0113,1.0113,1.0113,0
2013-08-30,1.0113,1.0113,1.0113,1.0113,0
2013-09-03,1.0113,1.0113,1.0113,1.0113,0
2013-09-04,1.0113,1.0113,1.0113,1.0113,0
2013-09-05,1.0113,1.0113,1.0113,1.0113,0
2013-09-06,1.0113,1.0113,1.0113,1.0113,0
2013-09-09,1.0113,1.0113,1.0113,1.0113,0
2013-09-10,1.0113,1.0113,1.0113,1.0113,0
2013-09-11,1.0113,1.0113,1.0113,1.0113,0
2013-09-12,1.0113,1.0113,1.0113,1.0113,0
2013-09-13,1.0113,1.0113,1.0113,1.0113,0
2013-09-16,1.0113,1.0113,1.0113,1.0113,0
2013-09-17,1.0113,1.0113,1.0113,1.0113,0
2013-09-18,1.0113,1.0113,1.0113,1.0113,0
2013-09-19,1.0113,1.0113,1.0113,1.0113,0
2013-09-20,1.0113,1.0113,1.0113,1.0113,0
2013-09-23,1.0113,1.0113,1.0113,1.0113,0
2013-09-24,1.0113,1.0113,1.0113,1.0113,0
2013-09-25,1.0113,1.0113,1.0113,1.0113,0
2013-09-26,1.0113,1.0113,1.0113,1.0113,0
2013-09-27,1.0113,1.0113,1.0113,1.0113,0
2013-09-30,1.0113,1.0113,1.0113,1.0113,0
2013-10-01,1.0113,1.0113,1.0113,1.0113,0
2013-10-02,1.0113,1.0113,1.0113,1.0113,0
2013-10-03,1.0113,1.0113,1.0113,1.0113,0
2013-10-04,1.0113,1.0113,1.0113,1.0113,0
2013-10-07,1.0113,1.0113,1.0113,1.0113,0
2013-10-08,1.0113,1.0113,1.0113,1.0113,0
2013-10-09,1.0113,1.0113,1.0113,1.0113,0
2013-10-10,1.0113,1.0113,1.0113,1.0113,0
2013-10-11,1.0113,1.0113,1.0113,1.0113,0
2013-10-14,1.0113,1.0113,1.0113,1.0113,0
2013-10-15,1.0113,1.0113,1.0113,1.0113,0
2013-10-16,1.0113,1.0113,1.0113,1.0113,0
2013-10-17,1.0113,1.0113,1.0113,1.0113,0
2013-10-18,1.0113,1.0113,1.0113,1.0113,0
2013-10-21,1.0113,1.0113,1.0113,1.0113,0
2013-10-22,1.0113,1.0113,1.0113,1.0113,0
2013-10-23,1.0113,1.0113,1.0113,1.0113,0
2013-10-24,1.0113,1.0113,1.0113,1.0113,0
2013-10-25,1.0113,1.0113,1.0113,1.0113,0
2013-10-28,1.0113,1.0113,1.0113,1.0113,0
2013-10-29,1.0113,1.0113,1.0113,1.0113,0
2013-10-30,0.7984,0.7984,0.7984,0.7984,100
2013-10-31,0.7984,0.7984,0.7984,0.7984,0
2013-11-01,0.7984,0.7984,0.7984,0.7984,0
2013-11-04,0.7984,0.7984,0.7984,0.7984,0
2013-11-05,0.7984,0.7984,0.7984,0.7984,0
2013-11-06,0.7984,0.7984,0.7984,0.7984,0
2013-11-07,0.7984,0.7984,0.7984,0.7984,0
2013-11-08,0.7984,0.7984,0.7984,0.7984,0
2013-11-11,0.7984,0.7984,0.7984,0.7984,0
2013-11-12,0.7984,0.7984,0.7984,0.7984,0
2013-11-13,0.7984,0.7984,0.7984,0.7984,0
2013-11-14,0.7984,0.7984,0.7984,0.7984,0
2013-11-15,0.7984,0.7984,0.7984,0.7984,0
2013-11-18,0.7984,0.7984,0.7984,0.7984,0
2013-11-19,0.7984,0.7984,0.7984,0.7984,0
2013-11-20,0.7984,0.7984,0.7984,0.7984,0
2013-11-21,0.7984,0.7984,0.7984,0.7984,0
2013-11-22,0.7984,0.7984,0.7984,0.7984,0
2013-11-25,0.7984,0.7984,0.7984,0.7984,0
2013-11-26,0.7984,0.7984,0.7984,0.7984,0
2013-11-27,0.7984,0.7984,0.7984,0.7984,0
2013-11-28,0.8782,0.8782,0.8782,0.8782,1900
2013-11-29,0.8782,0.8782,0.8782,0.8782,0
2013-12-02,0.8782,0.8782,0.8782,0.8782,0
2013-12-03,0.8782,0.8782,0.8782,0.8782,0
2013-12-04,0.8782,0.8782,0.8782,0.8782,0
2013-12-05,0.8782,0.8782,0.8782,0.8782,0
2013-12-06,0.8782,0.8782,0.8782,0.8782,0
2013-12-09,0.8782,0.8782,0.8782,0.8782,0
2013-12-10,0.8782,0.8782,0.8782,0.8782,0
2013-12-11,0.8782,0.8782,0.8782,0.8782,0
2013-12-12,0.8782,0.8782,0.8782,0.8782,0
2013-12-13,0.8782,0.8782,0.8782,0.8782,0
2013-12-16,0.8782,0.8782,0.8782,0.8782,0
2013-12-17,0.8782,0.8782,0.8782,0.8782,0
2013-12-18,0.8782,0.8782,0.8782,0.8782,0
2013-12-19,0.8782,0.8782,0.8782,0.8782,0
2013-12-20,0.8782,0.8782,0.8782,0.8782,0
2013-12-23,0.8782,0.8782,0.8782,0.8782,0
2013-12-24,0.8782,0.8782,0.8782,0.8782,0
2013-12-25,0.8782,0.8782,0.8782,0.8782,0
2013-12-26,0.8782,0.8782,0.8782,0.8782,0
2013-12-27,0.8782,0.8782,0.8782,0.8782,0
2013-12-30,0.8782,0.8782,0.8782,0.8782,0
2013-12-31,0.8782,0.8782,0.8782,0.8782,0
2014-01-02,0.8782,0.8782,0.8782,0.8782,0
2014-01-03,0.8782,0.8782,0.8782,0.8782,0
2014-01-06,0.8782,0.8782,0.8782,0.8782,0
2014-01-07,0.8782,0.8782,0.8782,0.8782,0
2014-01-08,0.8782,0.8782,0.8782,0.8782,0
2014-01-09,0.8782,0.8782,0.8782,0.8782,0
2014-01-10,0.8782,0.8782,0.8782,0.8782,0
2014-01-13,0.8782,0.8782,0.8782,0.8782,0
2014-01-14,0.8782,0.8782,0.8782,0.8782,0
2014-01-15,0.8782,0.8782,0.8782,0.8782,0
2014-01-16,0.8782,0.8782,0.8782,0.8782,0
2014-01-17,0.8782,0.8782,0.8782,0.8782,0
2014-01-20,1.2242,1.2242,1.2242,1.2242,100
2014-01-21,1.2242,1.2242,1.2242,1.2242,0
2014-01-22,1.2242,1.2242,1.2242,1.2242,0
2014-01-23,1.2242,1.2242,1.2242,1.2242,0
2014-01-24,1.2242,1.2242,1.2242,1.2242,0
2014-01-27,1.2242,1.2242,1.2242,1.2242,0
2014-02-06,1.2242,1.2242,1.2242,1.2242,0
2014-02-07,1.2242,1.2242,1.2242,1.2242,0
2014-02-10,1.2242,1.2242,1.2242,1.2242,0
2014-02-11,1.2242,1.2242,1.2242,1.2242,0
2014-02-12,1.2242,1.2242,1.2242,1.2242,0
2014-02-13,1.2242,1.2242,1.2242,1.2242,0
2014-02-14,1.2242,1.2242,1.2242,1.2242,0
2014-02-17,1.2242,1.2242,1.2242,1.2242,0
2014-02-18,1.2242,1.2242,1.2242,1.2242,0
2014-02-19,1.2242,1.2242,1.2242,1.2242,0
2014-02-20,1.2242,1.2242,1.2242,1.2242,0
2014-02-21,1.2242,1.2242,1.2242,1.2242,0
2014-02-24,1.2242,1.2242,1.2242,1.2242,0
2014-02-25,1.2242,1.2242,1.2242,1.2242,0
2014-02-26,1.2242,1.2242,1.2242,1.2242,0
2014-02-27,1.2242,1.2242,1.2242,1.2242,0
2014-02-28,1.2242,1.2242,1.2242,1.2242,0
2014-03-03,1.2242,1.2242,1.2242,1.2242,0
2014-03-04,1.2242,1.2242,1.2242,1.2242,0
2014-03-05,1.2242,1.2242,1.2242,1.2242,0
2014-03-06,1.2242,1.2242,1.2242,1.2242,0
2014-03-07,1.2242,1.2242,1.2242,1.2242,0
2014-03-10,1.2242,1.2242,1.2242,1.2242,0
2014-03-11,1.2242,1.2242,1.2242,1.2242,0
2014-03-12,1.2242,1.2242,1.2242,1.2242,0
2014-03-13,1.2242,1.2242,1.2242,1.2242,0
2014-03-14,1.2242,1.2242,1.2242,1.2242,0
2014-03-17,1.7032,1.7033,1.7032,1.7033,100
2014-03-18,1.7033,1.7033,1.7033,1.7033,0
2014-03-19,1.7033,1.7033,1.7033,1.7033,0
2014-03-20,1.7033,1.7033,1.7033,1.7033,0
2014-03-21,1.7033,1.7033,1.7033,1.7033,0
2014-03-24,1.7033,1.7033,1.7033,1.7033,0
2014-03-25,1.7033,1.7033,1.7033,1.7033,0
2014-03-26,1.7033,1.7033,1.7033,1.7033,0
2014-03-27,1.7033,1.7033,1.7033,1.7033,0
2014-03-28,1.7033,1.7033,1.7033,1.7033,0
2014-03-31,1.7033,1.7033,1.7033,1.7033,0
2014-04-01,1.7033,1.7033,1.7033,1.7033,0
2014-04-02,1.8630000000000002,1.8630000000000002,1.8629,1.8629,100
2014-04-03,2.0492,2.0492,2.0492,2.0492,100
2014-04-04,2.2355,2.2355,2.2355,2.2355,100
2014-04-07,2.4484,2.4484,2.4484,2.4484,100
2014-04-08,2.6879,2.688,2.6879,2.688,100
2014-04-10,2.688,2.688,2.688,2.688,0
2014-04-11,2.688,2.688,2.688,2.688,0
2014-04-14,2.9541,2.9541,2.9541,2.9541,100
2014-04-15,3.2468,3.2468,3.2468,3.2468,100
2014-04-16,3.5662,3.5662,3.5662,3.5662,100
2014-04-17,3.9122,3.9122,3.9122,3.9122,500
2014-04-18,4.2848,4.2848,4.2848,4.2848,100
2014-04-21,4.7106,4.7106,4.7106,4.7106,100
2014-04-22,4.7106,4.7106,4.7106,4.7106,0
2014-04-23,5.162999999999999,5.162999999999999,5.162999999999999,5.162999999999999,1300
2014-04-24,5.5888,5.5888,5.5888,5.5888,100
2014-04-25,6.1477,6.1477,6.1477,6.1477,600
2014-04-28,6.1477,6.1477,6.1477,6.1477,0
2014-04-29,6.1477,6.1477,6.1477,6.1477,0
2014-05-05,5.5622,5.5622,5.5622,5.5622,100
2014-05-06,5.0565,5.0566,5.0565,5.0566,100
2014-05-07,4.5776,5.5623,4.5776,5.5622,500
2014-05-08,5.6154,5.6155,5.6154,5.6155,1400
2014-05-09,6.1744,6.1744,6.1743,6.1743,1500
2014-05-12,6.1743,6.1743,6.1743,6.1743,0
2014-05-13,6.1743,6.1743,6.1743,6.1743,0
2014-05-14,5.5888,5.5888,5.5888,5.5888,100
2014-05-15,5.9879999999999995,5.9879999999999995,5.9879999999999995,5.9879999999999995,200
2014-05-16,5.9879999999999995,5.9879999999999995,5.9879999999999995,5.9879999999999995,0
2014-05-19,5.9879999999999995,5.9879999999999995,5.9879999999999995,5.9879999999999995,0
2014-05-20,5.9879999999999995,5.9879999999999995,5.9879999999999995,5.9879999999999995,0
2014-05-21,5.9879999999999995,5.9879999999999995,5.9879999999999995,5.9879999999999995,0
2014-05-22,5.9879999999999995,5.9879999999999995,5.9879999999999995,5.9879999999999995,0
2014-05-23,5.4025,5.4025,5.4025,5.4025,100
2014-05-26,5.4025,5.4025,5.4025,5.4025,0
2014-05-27,5.4025,5.4025,5.4025,5.4025,0
2014-05-28,5.4025,5.4025,5.4025,5.4025,0
2014-05-29,5.4025,5.4025,5.4025,5.4025,0
2014-05-30,4.8702,4.8703,4.8702,4.8703,100
2014-06-02,4.8703,4.8703,4.8703,4.8703,0
2014-06-03,4.8703,4.8703,4.8703,4.8703,0
2014-06-04,4.8703,4.8703,4.8703,4.8703,0
2014-06-05,4.8703,4.8703,4.8703,4.8703,0
2014-06-06,4.8703,4.8703,4.8703,4.8703,0
2014-06-09,4.8703,4.8703,4.8703,4.8703,0
2014-06-10,4.338,4.338,4.338,4.338,0
2014-06-11,4.9447,4.9449,4.9447,4.9449,0
2014-06-12,4.9449,4.9449,4.9449,4.9449,0
2014-06-13,4.9449,4.9449,4.9449,4.9449,0
2014-06-16,4.9449,4.9449,4.9449,4.9449,0
2014-06-17,4.9449,4.9449,4.9449,4.9449,0
2014-06-18,4.9449,4.9449,4.9449,4.9449,0
2014-06-19,4.9449,4.9449,4.9449,4.9449,0
2014-06-20,5.4303,5.4303,5.4303,5.4303,100
2014-06-23,5.4303,5.4303,5.4303,5.4303,0
2014-06-24,5.946000000000001,5.946000000000001,5.946000000000001,5.946000000000001,100
2014-06-25,6.5224,6.5224,6.5224,6.5224,100
2014-06-26,6.5224,6.5224,6.5224,6.5224,0
2014-06-27,6.5224,6.5224,6.5224,6.5224,0
2014-06-30,6.7044,6.7044,6.7044,6.7044,100
2014-07-01,6.7044,6.7044,6.7044,6.7044,0
2014-07-02,6.7044,6.7044,6.7044,6.7044,0
2014-07-03,6.7044,6.7044,6.7044,6.7044,0
2014-07-04,6.7044,6.7044,6.7044,6.7044,0
2014-07-07,6.7044,6.7044,6.7044,6.7044,0
2014-07-08,6.7044,6.7044,6.7044,6.7044,0
2014-07-09,6.7044,6.7348,6.7044,6.7348,0
2014-07-10,6.7348,6.7348,6.7348,6.7348,0
2014-07-11,6.7348,6.7348,6.7348,6.7348,0
2014-07-14,6.7348,6.7348,6.7348,6.7348,0
2014-07-15,6.7348,6.7348,6.7348,6.7348,0
2014-07-16,6.7348,6.7348,6.7348,6.7348,0
2014-07-17,6.7348,6.7348,6.7348,6.7348,0
2014-07-18,6.7348,6.7348,6.7348,6.7348,0
2014-07-21,7.4022,7.4022,7.4022,7.4022,100
2014-07-22,8.1303,8.1303,8.1302,8.1302,100
2014-07-23,8.1302,8.1302,8.1302,8.1302,0
2014-07-24,8.1302,8.1302,8.1302,8.1302,0
2014-07-25,8.1302,8.1302,8.1302,8.1302,0
2014-07-28,8.919,8.919,8.919,8.919,100
2014-07-29,9.7684,9.7684,9.7684,9.7684,100
2014-07-30,9.7684,9.7684,9.7684,9.7684,0
2014-07-31,10.7392,10.7392,10.7392,10.7392,6400
2014-08-01,11.7706,11.7707,11.7706,11.7707,13200
2014-08-04,11.7707,11.7707,11.7707,11.7707,0
2014-08-05,12.1347,12.1347,12.1347,12.1347,3100
2014-08-06,12.1347,12.1347,12.1347,12.1347,0
2014-08-07,12.1347,12.1347,12.1347,12.1347,0
2014-08-08,10.9212,10.9212,10.9212,10.9212,1400
2014-08-11,11.9526,11.9527,11.9526,11.9527,100
2014-08-12,11.9527,11.9527,11.9527,11.9527,0
2014-08-13,11.9527,11.9527,11.9527,11.9527,0
2014-08-14,12.9235,12.9235,12.9235,12.9235,100
2014-08-15,11.6494,11.6494,11.6493,11.6493,1000
2014-08-18,12.6807,12.6808,12.6807,12.6808,100
2014-08-19,13.7729,13.7729,13.7729,13.7729,100
2014-08-20,14.5617,14.5617,12.4381,12.4381,1800
2014-08-21,13.3482,13.3482,11.3459,11.3459,1100
2014-08-22,12.62,12.6201,12.62,12.6201,100
2014-08-25,13.6516,13.6516,11.527999999999999,11.527999999999999,2700
2014-08-26,12.7415,12.7415,12.7414,12.7414,100
2014-08-27,13.9549,13.9549,13.9549,13.9549,100
2014-08-28,15.1684,15.1684,15.1684,15.1684,100
2014-08-29,15.1684,15.1684,15.1684,15.1684,0
2014-09-03,15.1684,15.1684,15.1684,15.1684,0
2014-09-04,15.1684,15.1684,15.1684,15.1684,0
2014-09-05,13.6516,13.6516,13.6515,13.6515,100
2014-09-08,13.6515,13.6515,13.6515,13.6515,0
2014-09-09,13.6515,13.6515,13.6515,13.6515,0
2014-09-10,12.3167,12.3167,12.3167,12.3167,100
2014-09-11,11.1032,11.1032,11.1032,11.1032,400
2014-09-12,11.1032,11.1032,11.1032,11.1032,0
2014-09-15,10.0111,10.0111,10.0111,10.0111,400
2014-09-16,10.0111,10.0111,10.0111,10.0111,0
2014-09-17,9.2223,9.2224,9.2223,9.2224,3000
2014-09-18,8.555,8.555,8.555,8.555,100
2014-09-19,8.555,8.555,8.555,8.555,0
2014-09-22,9.4044,9.4044,9.4044,9.4044,100
2014-09-23,10.2538,10.2538,10.2538,10.2538,100
2014-09-24,11.1639,11.1639,11.1639,11.1639,800
2014-09-25,10.0718,10.0718,10.0718,10.0718,500
2014-09-26,9.1617,9.1617,9.1617,9.1617,100
2014-09-29,10.0718,10.0718,10.0718,10.0718,2000
2014-09-30,9.101,9.101,9.101,9.101,900
2014-10-01,9.101,9.101,9.101,9.101,0
2014-10-02,9.101,9.101,9.101,9.101,0
2014-10-03,9.101,9.101,9.101,9.101,0
2014-10-06,8.3122,8.3123,8.3122,8.3123,100
2014-10-07,9.1011,9.1011,9.101,9.101,400
2014-10-08,10.0111,10.0111,10.0111,10.0111,5500
2014-10-09,10.0111,10.0111,10.0111,10.0111,300
2014-10-10,10.0111,10.0111,10.0111,10.0111,0
2014-10-13,9.101,9.101,9.101,9.101,100
2014-10-14,10.0111,10.0111,10.0111,10.0111,10000
2014-10-15,10.0111,10.0111,10.0111,10.0111,0
2014-10-16,10.0111,10.0111,10.0111,10.0111,0
2014-10-17,9.1617,9.1617,9.1617,9.1617,100
2014-10-20,9.1617,9.1617,9.1617,9.1617,0
2014-10-21,9.1617,9.1617,9.1617,9.1617,0
2014-10-22,10.0718,10.0718,10.0718,10.0718,100
2014-10-23,10.0718,10.0718,10.0718,10.0718,3560
2014-10-24,10.0718,10.0718,10.0718,10.0718,0
2014-10-27,10.0718,10.0718,10.0718,10.0718,0
2014-10-28,10.0718,10.0718,10.0718,10.0718,0
2014-10-29,10.9212,10.9212,10.9212,10.9212,100
2014-10-30,10.9212,10.9212,10.9212,10.9212,0
2014-10-31,10.9212,10.9212,10.9212,10.9212,0
2014-11-03,10.9212,10.9212,10.9212,10.9212,0
2014-11-04,10.9212,10.9212,10.9212,10.9212,0
2014-11-05,10.9212,10.9212,10.9212,10.9212,0
2014-11-06,10.9212,10.9212,10.9212,10.9212,100
2014-11-07,10.9212,10.9212,10.9212,10.9212,0
2014-11-10,10.9212,10.9212,10.9212,10.9212,0
2014-11-11,11.5279,11.527999999999999,11.5279,11.527999999999999,300
2014-11-12,11.527999999999999,11.527999999999999,11.527999999999999,11.527999999999999,0
2014-11-13,11.527999999999999,11.527999999999999,11.527999999999999,11.527999999999999,0
2014-11-14,11.527999999999999,11.527999999999999,11.527999999999999,11.527999999999999,0
2014-11-17,11.527999999999999,11.527999999999999,11.527999999999999,11.527999999999999,0
2014-11-18,11.527999999999999,11.527999999999999,11.527999999999999,11.527999999999999,0
2014-11-19,11.527999999999999,11.527999999999999,11.527999999999999,11.527999999999999,0
2014-11-20,11.527999999999999,11.527999999999999,11.527999999999999,11.527999999999999,0
2014-11-21,11.527999999999999,11.527999999999999,11.527999999999999,11.527999999999999,0
2014-11-24,11.527999999999999,11.527999999999999,11.527999999999999,11.527999999999999,0
2014-11-25,11.527999999999999,11.527999999999999,11.527999999999999,11.527999999999999,0
2014-11-26,12.1347,12.1347,12.1347,12.1347,100
2014-11-27,12.1347,12.1347,12.1347,12.1347,0
2014-11-28,12.1347,12.1347,12.1347,12.1347,0
2014-12-01,12.1347,12.1347,12.1347,12.1347,0
2014-12-02,12.1347,12.1347,12.1347,12.1347,0
2014-12-03,13.2268,13.2268,13.2268,13.2268,1200
2014-12-04,13.2268,13.2268,13.2268,13.2268,0
2014-12-05,13.2268,13.2268,13.2268,13.2268,0
2014-12-08,14.3189,14.3796,14.3189,14.3796,600
2014-12-09,13.9549,14.3796,13.9549,14.3796,2700
2014-12-10,12.7414,12.7414,12.7414,12.7414,100
2014-12-11,12.7414,12.7414,12.7414,12.7414,0
2014-12-12,12.7414,12.7414,12.7414,12.7414,0
2014-12-15,12.7414,12.7414,12.7414,12.7414,200
2014-12-16,12.7414,12.7414,12.7414,12.7414,0
2014-12-17,11.4673,11.4673,11.4673,11.4673,100
2014-12-18,11.4673,11.4673,11.4673,11.4673,0
2014-12-19,10.3752,10.3752,10.3752,10.3752,100
2014-12-22,10.3752,10.3752,10.3752,10.3752,0
2014-12-23,10.3752,10.3752,10.3752,10.3752,0
2014-12-24,11.4067,11.4067,11.4066,11.4066,2000
2014-12-25,12.4987,12.4987,12.4987,12.4987,100
2014-12-26,13.7122,13.7122,13.7122,13.7122,3590
2014-12-29,13.7122,13.7122,13.7122,13.7122,0
2014-12-30,13.7122,13.7122,13.7122,13.7122,0
2014-12-31,13.7122,13.7122,13.7122,13.7122,0
2015-01-05,13.7122,13.7122,13.7122,13.7122,0
2015-01-06,13.7122,13.7122,13.7122,13.7122,0
2015-01-07,13.7122,13.7122,13.7122,13.7122,100
2015-01-08,13.7122,13.7122,13.7122,13.7122,0
2015-01-09,13.7122,13.7122,13.7122,13.7122,0
2015-01-12,13.7122,13.7122,13.7122,13.7122,0
2015-01-13,13.7122,13.7122,13.7122,13.7122,0
2015-01-14,13.7122,13.7122,13.7122,13.7122,0
2015-01-15,13.7122,13.7122,13.7122,13.7122,0
2015-01-16,13.7122,13.7122,13.7122,13.7122,0
2015-01-19,13.7122,13.7122,13.7122,13.7122,0
2015-01-20,13.7122,13.7122,13.7122,13.7122,0
2015-01-21,12.4381,12.4381,12.4381,12.4381,100
2015-01-22,11.4066,11.4066,11.4066,11.4066,100
2015-01-23,10.7999,10.7999,10.7999,10.7999,100
2015-01-26,10.7999,10.7999,10.7999,10.7999,0
2015-01-27,10.4359,10.4359,10.4358,10.4358,100
2015-01-28,10.4358,10.4358,10.4358,10.4358,0
2015-01-29,10.4358,10.4358,10.4358,10.4358,0
2015-01-30,10.4358,10.4358,10.4358,10.4358,0
2015-02-02,10.4358,10.4358,10.4358,10.4358,0
2015-02-03,11.2246,11.2246,11.2246,11.2246,100
2015-02-04,11.2246,11.2246,11.2246,11.2246,0
2015-02-05,11.2246,11.2246,11.2246,11.2246,0
2015-02-06,11.2246,11.2246,11.2246,11.2246,0
2015-02-09,11.2246,11.2246,11.2246,11.2246,0
2015-02-10,12.3167,12.3167,12.3167,12.3167,200
2015-02-11,12.3167,12.3167,12.3167,12.3167,0
2015-02-12,12.3167,12.3167,12.3167,12.3167,0
2015-02-13,12.3167,12.3167,12.3167,12.3167,0
2015-02-24,12.3167,12.3167,12.3167,12.3167,0
2015-02-25,12.3167,12.3167,12.3167,12.3167,0
2015-02-26,12.3167,12.3167,12.3167,12.3167,0
2015-02-27,12.3167,12.3167,12.3167,12.3167,0
2015-03-02,12.3167,12.3167,12.3167,12.3167,0
2015-03-03,12.3167,12.3167,12.3167,12.3167,0
2015-03-04,13.5302,13.5302,13.5302,13.5302,500
2015-03-05,14.8043,14.865,14.8043,14.865,3100
2015-03-06,14.865,14.865,14.865,14.865,0
2015-03-09,14.865,14.865,14.865,14.865,0
2015-03-10,14.865,14.865,14.865,14.865,0
2015-03-11,14.865,14.865,14.865,14.865,0
2015-03-12,14.865,14.865,14.865,14.865,0
2015-03-13,14.865,14.865,14.865,14.865,0
2015-03-16,13.4695,13.4695,13.4088,13.4088,1200
2015-03-17,13.4088,13.4088,13.4088,13.4088,0
2015-03-18,12.1347,12.1347,12.1347,12.1347,100
2015-03-19,12.1347,12.1347,12.1347,12.1347,0
2015-03-20,10.9819,10.9819,10.9819,10.9819,100
2015-03-23,12.074000000000002,12.074000000000002,12.074000000000002,12.074000000000002,9900
2015-03-24,12.074000000000002,12.074000000000002,12.074000000000002,12.074000000000002,0
2015-03-25,11.4066,11.4066,11.4066,11.4066,100
2015-03-26,11.4066,11.4066,11.4066,11.4066,0
2015-03-27,11.4066,11.4066,11.4066,11.4066,0
2015-03-30,12.437999999999999,12.4381,12.437999999999999,12.4381,200
2015-03-31,12.4381,12.4381,12.4381,12.4381,0
2015-04-01,12.4381,12.4381,12.4381,12.4381,0
2015-04-02,12.4381,12.4381,12.4381,12.4381,0
2015-04-03,13.3482,13.3482,13.3482,13.3482,100
2015-04-06,13.3482,13.3482,13.3482,13.3482,0
2015-04-07,13.3482,13.3482,13.3482,13.3482,0
2015-04-08,13.7122,13.7122,12.0134,13.0448,2700
2015-04-09,13.7122,13.7122,13.7122,13.7122,300
2015-04-10,13.7122,13.7122,13.7122,13.7122,900
2015-04-13,15.047,15.047,13.7122,13.7122,600
2015-04-14,13.9549,13.9549,13.9549,13.9549,0
2015-04-15,13.9549,13.9549,13.9549,13.9549,0
2015-04-16,14.5616,14.5616,13.9549,13.9549,700
2015-04-17,14.0156,14.0156,14.0156,14.0156,0
2015-04-20,13.9549,13.9549,13.6515,13.6515,800
2015-04-21,13.8942,13.8942,13.8942,13.8942,0
2015-04-22,12.5594,12.5594,12.5594,12.5594,1800
2015-04-23,12.7414,12.7414,12.7414,12.7414,100
2015-04-24,12.7414,12.7419,12.7414,12.7419,0
2015-04-27,11.5348,11.5348,11.5347,11.5347,100
2015-05-04,11.5347,11.5347,11.5347,11.5347,0
2015-05-05,11.5347,11.5347,11.5347,11.5347,0
2015-05-06,11.5347,11.5347,11.5347,11.5347,0
2015-05-07,11.5347,11.5347,11.5347,11.5347,0
2015-05-08,11.5347,11.5347,11.5347,11.5347,0
2015-05-11,11.5347,11.5347,11.5347,11.5347,0
2015-05-12,11.5347,11.5347,11.5347,11.5347,0
2015-05-13,11.5347,11.5347,11.5347,11.5347,0
2015-05-14,11.5347,11.5347,11.5347,11.5347,0
2015-05-15,11.5347,11.5347,11.5347,11.5347,0
2015-05-18,11.5347,11.5347,11.5347,11.5347,0
2015-05-19,11.5347,11.5347,11.5347,11.5347,0
2015-05-20,11.5347,11.5347,11.5347,11.5347,0
2015-05-21,11.5347,11.5347,11.5347,11.5347,0
2015-05-22,11.5347,11.5347,11.5347,11.5347,0
2015-05-25,11.5347,11.5347,11.5347,11.5347,0
2015-05-26,11.5347,11.5347,11.5347,11.5347,0
2015-05-27,10.4617,10.4617,10.4617,10.4617,100
2015-05-28,10.4617,10.4617,10.4617,10.4617,0
2015-05-29,10.4617,10.4617,10.4617,10.4617,0
2015-06-01,11.4676,11.4677,11.4676,11.4677,100
2015-06-02,11.4677,11.4677,11.4677,11.4677,0
2015-06-03,11.4677,11.4677,11.4677,11.4677,0
2015-06-04,11.4677,11.4677,11.4677,11.4677,0
2015-06-05,11.4677,11.4677,11.4677,11.4677,0
2015-06-08,11.4677,11.4677,11.4677,11.4677,0
2015-06-09,12.6078,12.6078,12.6077,12.6077,5000
2015-06-10,12.6077,12.6077,12.6077,12.6077,0
2015-06-11,12.6077,12.6077,12.6077,12.6077,0
2015-06-12,11.4006,11.4006,11.4006,11.4006,1100
2015-06-15,11.4006,11.4006,11.4006,11.4006,0
2015-06-16,11.4006,11.4006,11.4006,11.4006,0
2015-06-17,11.4006,11.4006,11.4006,11.4006,0
2015-06-18,11.4006,11.4006,11.4006,11.4006,0
2015-06-19,11.4006,11.4006,11.4006,11.4006,0
2015-06-22,11.4006,11.4006,11.4006,11.4006,0
2015-06-23,11.4006,11.4006,11.4006,11.4006,0
2015-06-24,12.0042,12.0042,10.3276,10.3276,200
2015-06-25,11.1994,11.1994,11.1994,11.1994,0
2015-06-26,11.1994,11.1994,11.1994,11.1994,0
2015-06-29,11.1994,11.1994,11.1994,11.1994,0
2015-06-30,11.1994,11.1994,11.1994,11.1994,0
2015-07-01,9.5899,9.5899,9.5899,9.5899,100
2015-07-02,9.5899,9.5899,9.5899,9.5899,0
2015-07-03,10.73,10.73,10.73,10.73,900
2015-07-06,10.73,10.73,10.73,10.73,0
2015-07-07,10.73,10.73,10.73,10.73,0
2015-07-08,11.4006,11.4006,11.4006,11.4006,800
2015-07-09,9.724,9.724,9.724,9.724,100
2015-07-10,9.724,9.724,9.724,9.724,0
2015-07-13,9.724,9.724,9.724,9.724,0
2015-07-14,8.3828,8.3828,8.3828,8.3828,100
2015-07-15,8.3828,8.3828,8.3828,8.3828,0
2015-07-16,8.3828,8.3828,8.3828,8.3828,0
2015-07-17,9.5899,9.5899,9.5899,9.5899,500
2015-07-20,9.5899,9.5899,9.5899,9.5899,0
2015-07-21,9.5899,9.5899,9.5899,9.5899,0
2015-07-22,9.5899,9.5899,9.5899,9.5899,0
2015-07-23,9.5899,9.5899,9.5899,9.5899,0
2015-07-24,9.5899,9.5899,9.5899,9.5899,0
2015-07-27,8.7852,8.7852,8.7852,8.7852,100
2015-07-28,8.7852,8.7852,8.7852,8.7852,0
2015-07-29,8.7852,8.7852,8.7852,8.7852,0
2015-07-30,8.7852,8.7852,8.7852,8.7852,0
2015-07-31,8.7852,8.7852,8.7852,8.7852,0
2015-08-03,8.7852,8.7852,8.7852,8.7852,0
2015-08-04,8.7852,8.7852,8.7852,8.7852,0
2015-08-05,8.7852,8.7852,8.7852,8.7852,0
2015-08-06,8.7852,8.7852,8.7852,8.7852,0
2015-08-07,8.7852,8.7852,8.7852,8.7852,0
2015-08-10,8.7852,8.7852,8.7852,8.7852,0
2015-08-11,8.7852,8.7852,8.7852,8.7852,0
2015-08-12,8.7852,8.7852,8.7852,8.7852,0
2015-08-13,8.7852,8.7852,8.7852,8.7852,0
2015-08-14,8.7852,8.7852,8.7852,8.7852,0
2015-08-17,8.7852,8.7852,8.7852,8.7852,0
2015-08-18,8.7852,8.7852,8.7852,8.7852,0
2015-08-19,8.7852,8.7852,8.7852,8.7852,0
2015-08-20,8.7852,8.7852,8.7852,8.7852,0
2015-08-21,8.7852,8.7852,8.7852,8.7852,0
2015-08-24,8.7852,8.7852,8.7852,8.7852,0
2015-08-25,8.7852,8.7852,8.7852,8.7852,0
2015-08-26,8.7852,8.7852,8.7852,8.7852,0
2015-08-27,8.7852,8.7852,8.7852,8.7852,0
2015-08-28,8.7852,8.7852,8.7852,8.7852,0
2015-08-31,8.7852,8.7852,8.7852,8.7852,0
2015-09-01,7.5781,7.5781,7.5781,7.5781,100
2015-09-03,7.5781,7.5781,7.5781,7.5781,0
2015-09-04,7.5781,7.5781,7.5781,7.5781,0
2015-09-07,7.5781,7.5781,7.5781,7.5781,0
2015-09-08,7.5781,7.5781,7.5781,7.5781,0
2015-09-09,7.5781,7.5781,7.5781,7.5781,0
2015-09-10,7.5781,7.5781,7.5781,7.5781,0
2015-09-11,7.5781,7.5781,7.5781,7.5781,0
2015-09-14,7.5781,7.5781,7.5781,7.5781,0
2015-09-15,7.5781,7.5781,7.5781,7.5781,0
2015-09-16,7.5781,7.5781,7.5781,7.5781,0
2015-09-17,7.5781,7.5781,7.5781,7.5781,0
2015-09-18,7.5781,7.5781,7.5781,7.5781,0
2015-09-21,7.5781,7.5781,7.5781,7.5781,0
2015-09-22,7.5781,7.5781,7.5781,7.5781,0
2015-09-23,7.5781,7.5781,7.5781,7.5781,0
2015-09-24,7.5781,7.5781,7.5781,7.5781,0
2015-09-25,7.5781,7.5781,7.5781,7.5781,0
2015-09-28,7.5781,7.5781,7.5781,7.5781,0
2015-09-29,8.6511,8.6511,8.6511,8.6511,1000
2015-09-30,9.9253,9.9253,9.9252,9.9252,900
2015-10-01,11.4006,11.4006,11.4006,11.4006,700
2015-10-02,13.0772,13.0772,12.7418,13.0101,1500
2015-10-05,12.943,12.943,12.943,12.943,0
2015-10-06,14.0831,14.0831,14.0831,14.0831,100
2015-10-07,12.0042,12.7419,12.0042,12.7419,800
2015-10-08,13.7478,13.7478,13.7478,13.7478,100
2015-10-09,14.015999999999998,14.015999999999998,11.7359,11.7359,200
2015-10-12,13.6807,13.7478,11.0653,13.7478,1200
2015-10-13,15.2902,15.2902,15.2902,15.2902,100
2015-10-14,14.7537,17.5703,13.7478,14.0831,3900
2015-10-15,15.3573,18.5092,15.3573,18.5092,4000
2015-10-16,16.6985,16.6985,14.015999999999998,14.015999999999998,1100
2015-10-19,14.6866,14.6867,14.6866,14.6867,100
2015-10-20,16.095,16.8327,16.095,16.8327,200
2015-10-21,18.0398,18.0398,14.0831,14.0831,200
2015-10-22,16.095,16.095,16.095,16.095,0
2015-10-23,16.7656,16.7656,16.7656,16.7656,100
2015-10-26,16.7656,16.7656,16.7656,16.7656,0
2015-10-27,16.7656,16.7656,16.7656,16.7656,100
2015-10-28,15.3573,15.4914,14.7537,15.1561,15100
2015-10-29,16.6985,16.6985,14.0831,16.6985,700
2015-10-30,16.7656,16.7656,16.7656,16.7656,100
2015-11-02,16.6985,16.6985,16.6985,16.6985,100
2015-11-03,16.6985,16.6985,16.6985,16.6985,0
2015-11-04,16.6985,16.6985,16.6985,16.6985,0
2015-11-05,16.6985,16.6985,16.6985,16.6985,0
2015-11-06,16.6985,16.6985,16.6985,16.6985,0
2015-11-09,16.6985,16.6985,16.6985,16.6985,0
2015-11-10,15.3573,16.7656,15.3573,15.4244,900
2015-11-11,15.4244,15.4244,15.4244,15.4244,0
2015-11-12,15.4244,15.4244,15.4244,15.4244,0
2015-11-13,15.4244,15.4244,15.4244,15.4244,0
2015-11-16,15.4244,15.4244,15.4244,15.4244,0
2015-11-17,15.4244,15.4244,15.4244,15.4244,0
2015-11-18,15.4244,15.4244,15.4244,15.4244,0
2015-11-19,15.4244,15.4244,15.4244,15.4244,0
2015-11-20,15.4244,15.4244,15.4244,15.4244,0
2015-11-23,15.4244,15.4244,15.4244,15.4244,0
2015-11-24,15.4244,15.4244,15.4244,15.4244,0
2015-11-25,15.4244,15.4244,15.4244,15.4244,0
2015-11-26,13.882,15.3573,13.882,15.3573,600
2015-11-27,15.3573,15.3573,15.3573,15.3573,0
2015-11-30,15.3573,15.3573,15.3573,15.3573,0
2015-12-01,13.8819,13.8819,13.8819,13.8819,900
2015-12-02,13.5466,13.5466,13.5466,13.5466,300
2015-12-03,13.5466,13.5466,13.5466,13.5466,0
2015-12-04,13.5466,13.5466,13.5466,13.5466,0
2015-12-07,13.5466,13.5466,13.5466,13.5466,0
2015-12-08,13.3454,13.3454,13.3454,13.3454,100
2015-12-09,13.3454,13.3454,13.3454,13.3454,0
2015-12-10,13.3454,13.3454,13.3454,13.3454,0
2015-12-11,12.0712,13.0101,12.0712,13.0101,4800
2015-12-14,13.0101,13.0101,13.0101,13.0101,0
2015-12-15,13.0101,13.0101,13.0101,13.0101,0
2015-12-16,12.7419,12.7419,12.7419,12.7419,200
2015-12-17,12.7419,12.7419,12.7419,12.7419,0
2015-12-18,12.7419,12.7419,12.7419,12.7419,0
2015-12-21,11.5348,11.5348,11.5347,11.5347,1000
2015-12-22,12.5406,12.5407,12.5406,12.5407,100
2015-12-23,12.5407,12.5407,12.5407,12.5407,0
2015-12-24,12.5407,12.5407,12.5407,12.5407,0
2015-12-25,12.0713,12.0713,12.0712,12.0712,100
2015-12-28,12.0712,12.0712,12.0712,12.0712,0
2015-12-29,12.0712,12.0712,12.0712,12.0712,0
2015-12-30,12.0712,12.0712,12.0712,12.0712,0
2015-12-31,12.0712,12.0712,12.0712,12.0712,0
2016-01-04,13.0101,13.0101,13.0101,13.0101,100
2016-01-05,13.0101,13.0101,13.0101,13.0101,0
2016-01-06,13.0101,13.0101,13.0101,13.0101,0
2016-01-07,13.0101,13.0101,13.0101,13.0101,0
2016-01-08,13.0101,13.0101,13.0101,13.0101,0
2016-01-11,13.0101,13.0101,13.0101,13.0101,0
2016-01-12,13.0101,13.0101,13.0101,13.0101,0
2016-01-13,13.0101,13.0101,13.0101,13.0101,1000
2016-01-14,13.0101,13.0101,13.0101,13.0101,0
2016-01-15,13.0101,13.0101,13.0101,13.0101,0
2016-01-18,11.7359,11.7359,11.7359,11.7359,1000
2016-01-19,10.5958,10.5959,10.5958,10.5959,500
2016-01-20,9.7241,9.7241,9.724,9.724,200
2016-01-21,10.6629,10.6629,10.6629,10.6629,100
2016-01-22,9.724,9.724,9.724,9.724,100
2016-01-25,9.724,9.724,9.724,9.724,100
2016-01-26,8.8522,8.8522,8.8522,8.8522,500
2016-01-27,8.8522,8.8522,8.8522,8.8522,0
2016-01-28,9.724,9.724,9.724,9.724,100
2016-01-29,8.8522,8.8522,8.8522,8.8522,100
2016-02-01,8.8522,8.8522,8.8522,8.8522,0
2016-02-02,9.724,9.724,9.3887,9.3887,400
2016-02-03,9.3887,9.3887,9.3887,9.3887,0
2016-02-04,10.3276,10.3276,10.3276,10.3276,100
2016-02-05,10.3276,10.3276,10.3276,10.3276,0
2016-02-15,10.3276,10.3276,10.3276,10.3276,0
2016-02-16,10.5288,11.3335,10.5288,11.3335,500
2016-02-17,12.4065,12.4065,12.4065,12.4065,100
2016-02-18,12.4065,12.4065,12.4065,12.4065,0
2016-02-19,12.4065,12.4065,12.4065,12.4065,0
2016-02-22,12.4065,12.4065,12.4065,12.4065,0
2016-02-23,12.4065,12.4065,12.4065,12.4065,0
2016-02-24,11.7359,11.7359,11.4006,11.4006,2500
2016-02-25,11.5347,11.802999999999999,11.5347,11.5347,2000
2016-02-26,12.6748,12.6748,12.6748,12.6748,100
2016-02-29,12.6748,12.6748,12.6748,12.6748,0
2016-03-01,12.6748,12.6748,12.6748,12.6748,0
2016-03-02,12.6748,12.6748,12.6748,12.6748,0
2016-03-03,12.6748,12.6748,12.6748,12.6748,90
2016-03-04,12.6748,12.6748,12.6748,12.6748,0
2016-03-07,11.7359,11.7359,11.4677,11.4677,11200
2016-03-08,11.5348,11.5348,11.5347,11.5347,900
2016-03-09,11.5347,11.5347,11.5347,11.5347,0
2016-03-10,11.5347,11.5347,11.5347,11.5347,0
2016-03-11,11.6688,11.802999999999999,11.6688,11.802999999999999,800
2016-03-14,11.802999999999999,11.802999999999999,11.802999999999999,11.802999999999999,30
2016-03-15,11.8701,11.8701,11.87,11.87,700
2016-03-16,12.0041,12.0042,12.0041,12.0042,100
2016-03-17,12.0042,12.0042,12.0042,12.0042,10
2016-03-18,12.0713,13.1443,12.0713,13.1442,3425
2016-03-21,14.4184,14.4184,14.4184,14.4184,1605
2016-03-22,15.3573,15.3573,14.4184,15.2902,1620
2016-03-23,15.4243,15.4243,15.022,15.2902,5100
2016-03-24,15.2902,15.2902,15.2902,15.2902,0
2016-03-25,14.0831,14.0831,14.0831,14.0831,500
2016-03-28,13.4125,14.6196,13.4125,14.6196,200
2016-03-29,14.6196,14.6196,14.6196,14.6196,0
2016-03-30,14.6196,14.6196,14.6196,14.6196,0
2016-03-31,14.6196,14.6196,14.6196,14.6196,0
2016-04-01,13.3454,13.3454,13.3454,13.3454,100
2016-04-04,14.6196,14.6196,14.6196,14.6196,200
2016-04-05,14.6196,14.6196,14.6196,14.6196,0
2016-04-06,14.7537,14.7537,14.7537,14.7537,100
2016-04-07,15.4243,15.4244,15.4243,15.4244,100
2016-04-08,15.4244,15.4244,15.4244,15.4244,0
2016-04-11,15.7597,15.7597,15.7597,15.7597,100
2016-04-12,15.7597,15.7597,15.7597,15.7597,0
2016-04-13,15.7597,15.7597,15.7597,15.7597,0
2016-04-14,16.7656,16.7656,16.7656,16.7656,100
2016-04-15,16.7656,16.7656,16.7656,16.7656,0
2016-04-19,18.4422,18.4422,18.4422,18.4422,150
2016-04-20,18.4422,18.4422,18.4422,18.4422,0
2016-04-21,20.2529,20.2529,16.6315,16.6315,400
2016-04-22,16.6315,16.6315,16.6315,16.6315,50
2016-04-25,15.022,15.022,15.022,15.022,100
2016-04-26,15.022,15.022,15.022,15.022,0
2016-04-27,15.022,15.022,15.022,15.022,0
2016-04-28,15.022,15.022,15.022,15.022,0
2016-04-29,15.022,15.022,15.022,15.022,0
2016-05-04,15.022,15.022,15.022,15.022,600
2016-05-05,14.0831,14.1502,13.6807,13.6807,1800
2016-05-06,15.0219,15.022,15.0219,15.022,100
2016-05-09,16.095,16.095,14.0831,14.0831,4100
2016-05-10,14.0831,14.0831,14.0831,14.0831,0
2016-05-11,14.0831,14.0831,14.0831,14.0831,0
2016-05-12,14.4184,14.7537,14.4184,14.7537,3100
2016-05-13,14.0831,15.089,14.0831,15.089,1100
2016-05-16,15.089,15.089,13.9849,13.9855,300
2016-05-17,13.9855,13.9855,13.9855,13.9855,0
2016-05-18,13.9855,13.9855,13.9855,13.9855,0
2016-05-19,13.9855,13.9855,13.9855,13.9855,0
2016-05-20,13.9855,13.9855,13.9855,13.9855,0
2016-05-23,13.9855,13.9855,13.9855,13.9855,0
2016-05-24,13.9855,13.9855,13.9855,13.9855,0
2016-05-25,13.9855,13.9855,13.9855,13.9855,0
2016-05-26,13.9855,13.9855,13.9855,13.9855,0
2016-05-27,13.9855,13.9855,13.9855,13.9855,0
2016-05-30,13.9855,13.9855,13.9855,13.9855,0
2016-05-31,13.9855,13.9855,13.9855,13.9855,600
2016-06-01,14.3535,14.3535,14.3535,14.3535,100
2016-06-02,14.7215,14.7215,14.7215,14.7215,100
2016-06-03,14.3535,14.3535,13.9854,13.9855,2200
2016-06-06,13.9855,13.9855,13.8382,13.8382,1200
2016-06-07,13.8382,13.8382,13.8382,13.8382,0
2016-06-08,13.6174,13.690999999999999,13.6174,13.690999999999999,200
2016-06-09,14.6479,14.6479,14.6479,14.6479,100
2016-06-10,14.6479,14.6479,14.6479,14.6479,100
2016-06-13,14.7215,14.7215,14.7215,14.7215,100
2016-06-14,14.7215,14.7215,14.7215,14.7215,100
2016-06-15,15.0159,15.015999999999998,15.0159,15.015999999999998,100
2016-06-16,14.7216,14.7216,14.7215,14.7215,100
2016-06-17,14.7215,14.7215,14.7215,14.7215,100
2016-06-20,14.7215,14.7215,14.7215,14.7215,100
2016-06-21,14.7215,14.7215,14.7215,14.7215,100
2016-06-22,14.6479,14.6479,13.9854,14.6479,3800
2016-06-23,14.6479,14.6479,14.6479,14.6479,1000
2016-06-24,14.6479,14.6479,14.6479,14.6479,5000
2016-06-27,13.9854,13.9855,13.9854,13.9855,2700
2016-06-28,13.9855,13.9855,13.9855,13.9855,4800
2016-06-29,13.9855,13.9855,13.9855,13.9855,0
2016-06-30,13.9855,13.9855,13.9855,13.9855,0
2016-07-01,15.3841,15.3841,15.384,15.384,2300
2016-07-04,15.384,15.384,15.384,15.384,0
2016-07-05,16.8562,16.8562,15.4576,15.4576,1100
2016-07-06,15.6048,15.6048,15.6048,15.6048,1000
2016-07-07,15.6048,15.6048,15.6048,15.6048,0
2016-07-08,15.6048,15.6048,15.6048,15.6048,0
2016-07-11,15.6048,15.6048,15.6048,15.6048,0
2016-07-12,15.6048,15.6048,15.6048,15.6048,0
2016-07-13,15.4576,15.4576,15.4576,15.4576,15000
2016-07-14,15.4576,15.4576,15.4576,15.4576,0
2016-07-15,15.4576,15.4576,15.4576,15.4576,5000
2016-07-18,15.4576,15.4576,15.4576,15.4576,1400
2016-07-19,15.4576,15.6048,15.4576,15.6048,800
2016-07-20,15.6048,15.6048,15.6048,15.6048,0
2016-07-21,15.6048,15.6048,15.6048,15.6048,0
2016-07-22,15.4576,15.4576,15.4576,15.4576,1000
2016-07-25,16.1937,16.1937,16.1937,16.1937,400
2016-07-26,16.1937,16.1937,16.1937,16.1937,500
2016-07-27,16.1937,16.1937,16.1937,16.1937,0
2016-07-28,17.7395,17.7395,17.7395,17.7395,100
2016-07-29,17.2979,17.9603,16.9298,17.9603,1000
2016-08-01,16.9298,16.9298,16.5617,16.5617,1000
2016-08-02,16.5617,16.5617,16.5617,16.5617,0
2016-08-03,16.1937,16.1937,16.1937,16.1937,500
2016-08-04,16.8562,16.8562,16.8562,16.8562,100
2016-08-05,16.8562,16.8562,16.8562,16.8562,0
2016-08-08,15.4577,15.4577,15.4576,15.4576,2600
2016-08-09,15.4576,15.4576,15.4576,15.4576,0
2016-08-10,15.4576,15.4576,15.4576,15.4576,0
2016-08-11,15.4576,15.4576,15.4576,15.4576,0
2016-08-12,15.4576,15.4576,15.4576,15.4576,200
2016-08-15,15.4576,15.4576,15.4576,15.4576,0
2016-08-16,15.4576,15.4576,15.4576,15.4576,0
2016-08-17,16.1201,16.1201,16.1201,16.1201,100
2016-08-18,16.1201,16.1201,16.1201,16.1201,0
2016-08-19,16.1201,16.1201,16.1201,16.1201,0
2016-08-22,16.1201,16.1201,16.1201,16.1201,0
2016-08-23,16.1201,16.1201,16.1201,16.1201,0
2016-08-24,16.1201,16.1201,16.1201,16.1201,0
2016-08-25,16.1201,16.1201,16.1201,16.1201,0
2016-08-26,16.1201,16.1201,16.1201,16.1201,0
2016-08-29,14.7216,14.7216,14.7215,14.7215,500
2016-08-30,14.7215,14.7215,14.7215,14.7215,0
2016-08-31,14.7215,14.7215,14.7215,14.7215,0
2016-09-01,14.7215,14.7215,14.7215,14.7215,0
2016-09-05,14.7215,14.7215,14.7215,14.7215,0
2016-09-06,15.4576,15.4576,15.4576,15.4576,100
2016-09-07,15.4576,15.4576,15.4576,15.4576,0
2016-09-08,15.4576,15.4576,15.4576,15.4576,0
2016-09-09,15.4576,15.4576,15.4576,15.4576,0
2016-09-12,15.4576,15.4576,15.4576,15.4576,0
2016-09-13,16.1201,16.1201,16.1201,16.1201,100
2016-09-14,16.8562,16.8562,16.8562,16.8562,100
2016-09-15,17.5187,17.5187,17.5186,17.5186,100
2016-09-16,19.137999999999998,19.137999999999998,18.4019,18.4019,1200
2016-09-19,20.1685,20.1685,17.6658,17.6658,200
2016-09-20,17.6658,17.6658,17.6658,17.6658,0
2016-09-21,19.3588,19.3588,19.3588,19.3588,100
2016-09-22,19.3588,19.3588,19.3588,19.3588,0
2016-09-23,19.3588,19.3588,19.3588,19.3588,0
2016-09-26,19.3588,19.3588,19.3588,19.3588,0
2016-09-27,19.3588,19.3588,19.3588,19.3588,0
2016-09-28,17.445,17.445,17.445,17.445,1000
2016-09-29,19.0644,19.0644,16.9297,16.9298,800
2016-09-30,16.9298,16.9298,16.9298,16.9298,0
2016-10-03,16.9298,16.9298,16.9298,16.9298,0
2016-10-04,18.6228,18.6228,18.6227,18.6227,100
2016-10-05,18.6227,18.6227,18.6227,18.6227,100
2016-10-06,18.6227,18.6227,18.6227,18.6227,0
2016-10-07,16.7825,16.7826,16.7825,16.7826,100
2016-10-10,16.7826,16.7826,16.7826,16.7826,0
2016-10-11,16.7826,16.7826,16.7826,16.7826,0
2016-10-12,16.7826,16.7826,16.7826,16.7826,0
2016-10-13,16.7826,16.7826,16.7826,16.7826,0
2016-10-14,18.402,18.402,18.4019,18.4019,100
2016-10-17,18.4019,18.4019,18.4019,18.4019,0
2016-10-18,18.4019,18.4019,18.4019,18.4019,0
2016-10-19,18.4019,18.4019,18.4019,18.4019,0
2016-10-20,18.4019,18.4019,18.4019,18.4019,0
2016-10-21,18.4019,18.4019,18.4019,18.4019,0
2016-10-24,18.4019,18.4019,18.4019,18.4019,0
2016-10-25,18.4019,18.4019,18.4019,18.4019,0
2016-10-26,16.5617,16.5617,16.5617,16.5617,200
2016-10-27,16.5617,16.5617,16.5617,16.5617,0
2016-10-28,16.5617,16.5617,16.5617,16.5617,0
2016-10-31,16.5617,16.5617,16.5617,16.5617,0
2016-11-01,16.5617,16.5617,16.5617,16.5617,0
2016-11-02,16.5617,16.5617,16.5617,16.5617,0
2016-11-03,16.5617,16.5617,16.5617,16.5617,0
2016-11-04,16.5617,16.5617,16.5617,16.5617,0
2016-11-07,15.0895,15.0896,15.0895,15.0896,100
2016-11-08,15.0896,15.0896,15.0896,15.0896,0
2016-11-09,15.0896,15.0896,15.0896,15.0896,0
2016-11-10,15.0896,15.0896,15.0896,15.0896,0
2016-11-11,15.0896,15.0896,15.0896,15.0896,0
2016-11-14,15.0896,15.0896,15.0896,15.0896,0
2016-11-15,15.0896,15.0896,15.0896,15.0896,0
2016-11-16,15.0896,15.0896,15.0896,15.0896,0
2016-11-17,13.9855,13.9855,13.9855,13.9855,1200
2016-11-18,13.9855,13.9855,13.9855,13.9855,0
2016-11-21,13.9855,13.9855,13.9855,13.9855,0
2016-11-22,13.9855,13.9855,13.9855,13.9855,0
2016-11-23,13.9855,13.9855,13.9855,13.9855,0
2016-11-24,13.9855,13.9855,13.9855,13.9855,0
2016-11-25,13.9855,13.9855,13.9855,13.9855,0
2016-11-28,13.9855,13.9855,13.9855,13.9855,0
2016-11-29,13.9855,13.9855,13.9855,13.9855,0
2016-11-30,13.9855,13.9855,13.9855,13.9855,0
2016-12-01,13.9855,13.9855,13.9855,13.9855,0
2016-12-02,13.9855,13.9855,13.9855,13.9855,0
2016-12-05,13.9855,13.9855,13.9855,13.9855,0
2016-12-06,13.9855,13.9855,13.9855,13.9855,100
2016-12-07,13.9119,13.9119,13.9119,13.9119,100
2016-12-08,13.9119,13.9119,13.9119,13.9119,0
2016-12-09,13.9855,13.9855,13.9855,13.9855,100
2016-12-12,13.9855,13.9855,13.9855,13.9855,0
2016-12-13,13.9855,13.9855,13.9855,13.9855,0
2016-12-14,13.9855,13.9855,13.9855,13.9855,0
2016-12-15,13.9855,13.9855,13.9855,13.9855,0
2016-12-16,13.9855,13.9855,13.9855,13.9855,0
2016-12-19,13.9855,13.9855,13.9855,13.9855,0
2016-12-20,13.9855,13.9855,13.9855,13.9855,1100
2016-12-21,13.9855,13.9855,13.9855,13.9855,0
2016-12-22,13.9855,13.9855,13.9855,13.9855,0
2016-12-23,15.3104,15.3104,12.5869,14.7215,600
2016-12-26,15.0895,15.0896,15.0895,15.0896,1600
2016-12-27,13.6174,16.4145,13.6174,16.4145,200
2016-12-28,16.4145,16.4145,16.4145,16.4145,0
2016-12-29,16.4145,16.4145,16.4145,16.4145,0
2016-12-30,17.5922,17.5922,17.5922,17.5922,100
2017-01-03,17.5922,17.5922,17.5922,17.5922,0
2017-01-04,17.5922,17.5922,17.5922,17.5922,0
2017-01-05,17.5922,17.5922,17.5922,17.5922,0
2017-01-06,17.5922,17.5922,17.5922,17.5922,0
2017-01-09,17.5922,17.5922,17.5922,17.5922,0
2017-01-10,17.5922,17.5922,17.5922,17.5922,0
2017-01-11,17.5922,17.5922,17.5922,17.5922,0
2017-01-12,17.5922,17.5922,17.5922,17.5922,0
2017-01-13,17.5922,17.5922,17.5922,17.5922,0
2017-01-16,17.5922,17.5922,17.5922,17.5922,0
2017-01-17,17.5922,17.5922,17.5922,17.5922,0
2017-01-18,17.5922,17.5922,17.5922,17.5922,0
2017-01-19,17.5922,17.5922,17.5922,17.5922,0
2017-01-20,17.5922,17.5922,17.5922,17.5922,0
2017-01-23,17.5922,17.5922,17.5922,17.5922,0
2017-01-24,17.5922,17.5922,17.5922,17.5922,0
2017-01-25,17.5922,17.5922,17.5922,17.5922,0
2017-02-02,17.5922,17.5922,17.5922,17.5922,0
2017-02-03,17.5922,17.5922,17.5922,17.5922,0
2017-02-06,17.5922,17.5922,17.5922,17.5922,0
2017-02-07,15.8992,15.8993,15.8992,15.8993,300
2017-02-08,15.8993,15.8993,15.8993,15.8993,0
2017-02-09,14.3535,17.4451,14.3535,14.3535,1900
2017-02-10,14.3535,14.3535,14.3535,14.3535,0
2017-02-13,12.955,12.955,12.955,12.955,300
2017-02-14,12.955,12.955,12.955,12.955,0
2017-02-15,12.955,12.955,12.955,12.955,0
2017-02-16,14.2063,14.2063,14.2063,14.2063,400
2017-02-17,14.2063,14.2063,14.2063,14.2063,0
2017-02-20,14.2063,14.2063,14.2063,14.2063,0
2017-02-21,14.2063,14.2063,14.2063,14.2063,0
2017-02-22,14.2063,14.2063,14.2063,14.2063,0
2017-02-23,14.2063,14.2063,14.2063,14.2063,0
2017-02-24,14.2063,14.2063,14.2063,14.2063,0
2017-02-27,12.8814,12.8814,12.8813,12.8813,200
2017-02-28,12.8813,12.8813,12.8813,12.8813,0
2017-03-01,13.9854,13.9854,13.2493,13.2494,770
2017-03-02,13.2494,13.2494,13.2494,13.2494,0
2017-03-03,13.2494,13.2494,13.2494,13.2494,0
2017-03-06,13.2494,13.2494,13.2494,13.2494,0
2017-03-07,13.2494,13.2494,13.2494,13.2494,0
2017-03-08,13.2494,13.2494,13.2494,13.2494,0
2017-03-09,13.2494,13.2494,13.2494,13.2494,0
2017-03-10,13.2494,13.2494,13.2494,13.2494,0
2017-03-13,13.2494,13.2494,13.2494,13.2494,0
2017-03-14,12.8814,12.8814,12.8813,12.8813,1015
2017-03-15,12.8813,12.8813,12.8813,12.8813,0
2017-03-16,12.8813,12.8813,12.8813,12.8813,0
2017-03-17,12.8813,12.8813,12.8813,12.8813,0
2017-03-20,12.8813,12.8813,12.8813,12.8813,75
2017-03-21,12.8813,12.8813,12.8813,12.8813,0
2017-03-22,12.8813,12.8813,12.8813,12.8813,0
2017-03-23,12.8813,12.8813,12.8813,12.8813,0
2017-03-24,13.2493,13.2494,13.2493,13.2494,1000
2017-03-27,13.2494,13.2494,13.2494,13.2494,0
2017-03-28,13.2494,13.2494,13.2494,13.2494,0
2017-03-29,13.6174,13.6174,13.6174,13.6174,100
2017-03-30,13.6174,13.6174,13.6174,13.6174,0
2017-03-31,13.6174,13.6174,13.6174,13.6174,0
2017-04-03,13.6174,13.6174,13.6174,13.6174,0
2017-04-04,13.6174,13.6174,13.6174,13.6174,0
2017-04-05,13.6174,13.6174,13.6174,13.6174,0
2017-04-07,13.6174,13.6174,13.6174,13.6174,0
2017-04-10,13.6174,13.6174,13.6174,13.6174,0
2017-04-11,13.6174,13.6174,13.6174,13.6174,0
2017-04-12,13.6174,13.6174,13.6174,13.6174,0
2017-04-13,12.8813,12.8813,12.8813,12.8813,1400
2017-04-14,12.8813,12.8813,12.8813,12.8813,0
2017-04-17,13.2493,13.2494,13.2493,13.2494,200
2017-04-18,13.2494,13.2494,13.2494,13.2494,0
2017-04-19,13.2494,13.2494,13.2494,13.2494,0
2017-04-20,13.2494,13.2494,13.2494,13.2494,0
2017-04-21,13.9855,13.9855,13.9855,13.9855,4300
2017-04-24,13.9855,13.9855,13.9855,13.9855,0
2017-04-25,13.9855,13.9855,13.9855,13.9855,600
2017-04-26,13.9855,13.9855,13.9855,13.9855,0
2017-04-27,14.3535,14.3535,14.3535,14.3535,4000
2017-04-28,14.3535,14.3535,14.3535,14.3535,0
2017-05-03,14.7215,14.7215,14.7215,14.7215,200
2017-05-04,15.4576,15.4576,14.7215,14.7215,3800
2017-05-05,14.7215,14.7215,14.7215,14.7215,0
2017-05-08,14.7215,14.7215,14.7215,14.7215,0
2017-05-09,14.7215,14.7215,14.7215,14.7215,0
2017-05-10,14.7215,14.7215,14.7215,14.7215,0
2017-05-11,14.7215,14.7215,14.7215,14.7215,0
2017-05-12,14.7215,14.7215,14.7215,14.7215,0
2017-05-15,15.0895,15.0896,15.0895,15.0896,500
2017-05-16,15.0896,15.4576,15.0896,15.4576,1500
2017-05-17,15.8256,16.1937,15.8256,16.1937,2700
2017-05-18,16.1937,16.1937,16.1937,16.1937,0
2017-05-19,16.1937,16.1937,16.1937,16.1937,0
2017-05-22,16.1937,16.1937,16.1937,16.1937,0
2017-05-23,16.1937,16.1937,16.1937,16.1937,0
2017-05-24,16.1937,16.1937,16.1937,16.1937,4000
2017-05-25,16.1937,16.5617,16.1937,16.5617,400
2017-05-26,16.5617,16.5617,16.5617,16.5617,0
2017-05-29,16.5617,16.5617,16.5617,16.5617,400
2017-05-30,16.5617,16.5617,16.5617,16.5617,0
2017-05-31,16.5617,16.5617,16.5617,16.5617,0
2017-06-01,16.5617,16.5617,16.5617,16.5617,0
2017-06-02,16.5617,16.5623,16.5617,16.5623,0
2017-06-05,16.5623,16.5623,16.5623,16.5623,0
2017-06-06,16.5623,16.5623,16.5623,16.5623,0
2017-06-07,16.5623,16.5623,16.5623,16.5623,0
2017-06-08,16.5623,16.5623,16.5623,16.5623,0
2017-06-09,16.5623,16.5623,16.5623,16.5623,0
2017-06-12,16.5623,16.5623,16.5623,16.5623,0
2017-06-13,16.5623,16.5623,16.5623,16.5623,0
2017-06-14,16.5623,16.5623,16.5623,16.5623,0
2017-06-15,16.5623,16.5623,16.5623,16.5623,0
2017-06-16,16.5623,16.5623,16.5623,16.5623,0
2017-06-19,16.1583,16.1584,16.1583,16.1584,29400
2017-06-20,16.1584,16.1584,16.1584,16.1584,0
2017-06-21,16.1584,16.1584,16.1584,16.1584,2340
2017-06-22,16.1584,16.1584,16.1584,16.1584,0
2017-06-23,16.1584,16.1584,16.1584,16.1584,0
2017-06-26,16.1584,16.1584,16.1584,16.1584,0
2017-06-27,16.1584,16.1584,16.1584,16.1584,0
2017-06-28,16.1584,16.1584,16.1584,16.1584,0
2017-06-29,16.1584,16.1584,16.1584,16.1584,0
2017-06-30,16.1584,16.1584,16.1584,16.1584,0
2017-07-03,16.1584,16.1584,16.1584,16.1584,0
2017-07-04,16.1584,16.1584,16.1584,16.1584,0
2017-07-05,16.1584,16.1584,16.1584,16.1584,0
2017-07-06,16.1584,16.1584,16.1584,16.1584,0
2017-07-07,16.1584,16.1584,16.1584,16.1584,0
2017-07-10,16.1584,16.1584,16.1584,16.1584,100
2017-07-11,16.1584,16.1584,16.1584,16.1584,0
2017-07-12,16.1584,16.1584,16.1584,16.1584,0
2017-07-13,16.1584,16.1584,16.1584,16.1584,0
2017-07-14,16.1584,16.1584,16.1584,16.1584,0
2017-07-17,16.1584,16.1584,16.1584,16.1584,0
2017-07-18,16.1584,16.1584,16.1584,16.1584,0
2017-07-19,16.1584,16.1584,16.1584,16.1584,0
2017-07-20,16.1584,16.1584,16.1584,16.1584,0
2017-07-21,16.1584,16.1584,16.1584,16.1584,0
2017-07-24,16.1584,16.1584,16.1584,16.1584,0
2017-07-25,16.1584,16.1584,16.1584,16.1584,0
2017-07-26,16.1584,16.1584,16.1584,16.1584,0
2017-07-27,16.1584,16.1584,16.1584,16.1584,0
2017-07-28,16.1584,16.1584,16.1584,16.1584,0
2017-07-31,16.1584,16.1584,16.1584,16.1584,0
2017-08-01,16.1584,16.1584,16.1584,16.1584,0
2017-08-02,16.1584,16.1584,16.1584,16.1584,0
2017-08-03,16.1584,16.1584,16.1584,16.1584,0
2017-08-04,16.1584,16.1584,16.1584,16.1584,0
2017-08-07,16.1584,16.1584,16.1584,16.1584,0
2017-08-08,16.1584,16.1584,16.1584,16.1584,0
2017-08-09,16.1584,16.1584,16.1584,16.1584,0
2017-08-10,16.1584,16.1584,16.1584,16.1584,0
2017-08-11,14.6234,15.7544,14.6234,15.7544,1700
2017-08-14,15.7544,15.7544,15.7544,15.7544,0
2017-08-15,15.7544,15.7544,15.7544,15.7544,0
2017-08-16,15.7544,15.7544,15.7544,15.7544,0
2017-08-17,15.7544,15.7544,15.7544,15.7544,0
2017-08-18,15.7544,15.7544,15.7544,15.7544,0
2017-08-21,15.7544,15.7544,15.7544,15.7544,0
2017-08-22,15.7544,15.7544,15.7544,15.7544,0
2017-08-23,15.7544,15.7544,15.7544,15.7544,0
2017-08-24,15.7544,15.7544,15.7544,15.7544,0
2017-08-25,15.7544,15.7544,15.7544,15.7544,0
2017-08-28,15.7544,15.7544,15.7544,15.7544,0
2017-08-29,15.7544,15.7544,15.7544,15.7544,0
2017-08-30,15.7544,15.7544,15.7544,15.7544,0
2017-08-31,15.7544,15.7544,15.7544,15.7544,0
2017-09-01,14.2194,14.2194,14.2194,14.2194,400
2017-09-05,14.2194,14.2194,14.2194,14.2194,0
2017-09-06,14.2194,14.2194,14.2194,14.2194,0
2017-09-07,14.2194,14.2194,14.2194,14.2194,0
2017-09-08,14.2194,14.2194,14.2194,14.2194,0
2017-09-11,14.2194,14.2194,14.2194,14.2194,0
2017-09-12,14.2194,14.2194,14.2194,14.2194,0
2017-09-13,14.2194,14.2194,14.2194,14.2194,0
2017-09-14,14.2194,14.2194,14.2194,14.2194,0
2017-09-15,14.2194,14.2194,14.2194,14.2194,0
2017-09-18,14.2194,14.2194,14.2194,14.2194,0
2017-09-19,14.2194,14.2194,14.2194,14.2194,0
2017-09-20,14.2194,14.2194,14.2194,14.2194,0
2017-09-21,14.2194,14.2194,14.2194,14.2194,0
2017-09-22,14.2194,14.2194,14.2194,14.2194,200
2017-09-25,14.2194,14.2194,14.2194,14.2194,0
2017-09-26,14.2194,14.2194,14.2194,14.2194,0
2017-09-27,14.2194,14.2194,14.2194,14.2194,0
2017-09-28,14.2194,14.2194,14.2194,14.2194,0
2017-09-29,14.2194,14.2194,14.2194,14.2194,0
2017-10-02,14.2194,14.2194,14.2194,14.2194,0
2017-10-03,14.2194,14.2194,14.2194,14.2194,0
2017-10-04,14.2194,14.2194,14.2194,14.2194,0
2017-10-05,14.2194,14.2194,14.2194,14.2194,0
2017-10-06,14.2194,14.2194,14.2194,14.2194,0
2017-10-09,14.2194,14.2194,14.2194,14.2194,0
2017-10-10,14.2194,14.2194,14.2194,14.2194,0
2017-10-11,14.2194,14.2194,14.2194,14.2194,0
2017-10-12,14.2194,14.2194,14.2194,14.2194,0
2017-10-13,14.2194,14.2194,14.2194,14.2194,0
2017-10-16,14.2194,14.2194,14.2194,14.2194,0
2017-10-17,14.2194,14.2194,14.2194,14.2194,0
2017-10-18,14.2194,14.2194,14.2194,14.2194,0
2017-10-19,14.2194,14.2194,14.2194,14.2194,0
2017-10-20,14.2194,14.2194,14.2194,14.2194,0
2017-10-23,14.2194,14.2194,14.2194,14.2194,0
2017-10-24,14.2194,14.2194,14.2194,14.2194,0
2017-10-25,14.2194,14.2194,14.2194,14.2194,0
2017-10-26,14.2194,14.2194,14.2194,14.2194,0
2017-10-27,14.2194,14.2194,14.2194,14.2194,0
2017-10-30,14.2194,14.2194,14.2194,14.2194,0
2017-10-31,14.2194,14.2194,14.2194,14.2194,0
2017-11-01,14.2194,14.2194,14.2194,14.2194,0
2017-11-02,14.2194,14.2194,14.2194,14.2194,0
2017-11-03,14.2194,14.2194,14.2194,14.2194,0
2017-11-06,14.2194,14.2194,14.2194,14.2194,0
2017-11-07,12.9267,12.9267,12.9267,12.9267,300
2017-11-08,12.9267,12.9267,12.9267,12.9267,0
2017-11-09,12.1188,12.1188,12.1188,12.1188,1000
2017-11-10,12.1188,12.1188,12.1188,12.1188,0
2017-11-13,12.1188,12.1188,12.1188,12.1188,0
2017-11-14,12.1188,12.1188,12.1188,12.1188,0
2017-11-15,12.1188,12.1188,12.1188,12.1188,0
2017-11-16,12.1188,12.1188,12.1188,12.1188,0
2017-11-17,12.1188,12.1188,12.1188,12.1188,0
2017-11-20,12.1188,12.1188,12.1188,12.1188,0
2017-11-21,12.1188,12.1188,12.1188,12.1188,0
2017-11-22,12.1188,12.1188,12.1188,12.1188,0
2017-11-23,12.1188,12.1188,12.1188,12.1188,0
2017-11-24,12.1188,12.1188,12.1188,12.1188,0
2017-11-27,12.1188,12.1188,12.1188,12.1188,0
2017-11-28,12.1188,12.1188,12.1188,12.1188,0
2017-11-29,12.1188,12.1188,12.1188,12.1188,0
2017-11-30,12.1188,12.1188,12.1188,12.1188,0
2017-12-01,12.1188,12.1188,12.1188,12.1188,0
2017-12-04,12.1188,12.1188,12.1188,12.1188,0
2017-12-05,12.1188,12.1188,12.1188,12.1188,0
2017-12-06,12.1188,12.1188,12.1188,12.1188,0
2017-12-07,12.1188,12.1188,12.1188,12.1188,0
2017-12-08,12.1188,12.1188,12.1188,12.1188,0
2017-12-11,12.1188,12.1188,12.1188,12.1188,0
2017-12-12,12.1188,12.1188,12.1188,12.1188,0
2017-12-13,12.1188,12.1188,12.1188,12.1188,0
2017-12-14,12.1188,12.1188,12.1188,12.1188,0
2017-12-15,12.1188,12.1188,12.1188,12.1188,0
2017-12-18,12.1188,12.1188,12.1188,12.1188,0
2017-12-19,12.1188,12.1188,12.1188,12.1188,0
2017-12-20,12.1188,12.1188,12.1188,12.1188,0
2017-12-21,13.3307,13.3307,13.3306,13.3306,3000
2017-12-22,13.3306,13.3306,13.3306,13.3306,0
2017-12-25,13.3306,13.3306,13.3306,13.3306,0
2017-12-26,13.3306,13.3306,13.3306,13.3306,0
2017-12-27,13.3306,13.3306,13.3306,13.3306,0
2017-12-28,13.3306,13.3306,13.3306,13.3306,0
2017-12-29,13.3306,13.3306,13.3306,13.3306,0
2018-01-02,13.3306,13.3306,13.3306,13.3306,0
2018-01-03,13.3306,13.3306,13.3306,13.3306,0
2018-01-04,13.3306,13.3306,13.3306,13.3306,0
2018-01-05,13.3306,13.3306,13.3306,13.3306,0
2018-01-08,13.3306,13.3306,13.3306,13.3306,0
2018-01-09,13.3306,13.3306,13.3306,13.3306,0
2018-01-10,13.3306,13.3306,13.3306,13.3306,0
2018-01-11,13.3306,13.3306,13.3306,13.3306,0
2018-01-12,13.3306,13.3306,13.3306,13.3306,0
2018-01-15,13.3306,13.3306,13.3306,13.3306,0
2018-01-16,13.3306,13.3306,13.3306,13.3306,0
2018-01-17,13.3306,13.3306,13.3306,13.3306,0
2018-01-18,13.3306,13.3306,13.3306,13.3306,0
2018-01-19,13.3306,13.3306,13.3306,13.3306,0
2018-01-22,13.3306,13.3306,13.3306,13.3306,0
2018-01-23,13.3306,13.3306,13.3306,13.3306,0
2018-01-24,13.3306,13.3306,13.3306,13.3306,0
2018-01-25,13.3306,13.3306,13.3306,13.3306,0
2018-01-26,13.3306,13.3306,13.3306,13.3306,0
2018-01-29,13.3306,13.3306,13.3306,13.3306,0
2018-01-30,13.3306,13.3306,13.3306,13.3306,0
2018-01-31,13.3306,13.3306,13.3306,13.3306,0
2018-02-01,13.3306,13.3306,13.3306,13.3306,0
2018-02-02,13.3306,13.3306,13.3306,13.3306,0
2018-02-05,13.3306,13.3306,13.3306,13.3306,0
2018-02-06,13.3306,13.3306,13.3306,13.3306,0
2018-02-07,13.3306,13.3306,13.3306,13.3306,0
2018-02-08,13.3306,13.3306,13.3306,13.3306,0
2018-02-09,12.0379,12.038,12.0379,12.038,2000
2018-02-12,12.038,12.038,12.038,12.038,0
2018-02-13,12.038,12.038,12.038,12.038,0
2018-02-21,12.038,12.038,12.038,12.038,0
2018-02-22,12.038,12.038,12.038,12.038,0
2018-02-23,12.038,12.038,12.038,12.038,0
2018-02-26,12.038,12.038,12.038,12.038,0
2018-02-27,12.038,12.038,12.038,12.038,0
2018-02-28,12.038,12.038,12.038,12.038,0
2018-03-01,12.038,12.038,12.038,12.038,0
2018-03-02,12.038,12.038,12.038,12.038,0
2018-03-05,12.038,12.038,12.038,12.038,0
2018-03-06,12.038,12.038,12.038,12.038,0
2018-03-07,12.038,12.038,12.038,12.038,0
2018-03-08,12.038,12.038,12.038,12.038,0
2018-03-09,12.038,12.038,12.038,12.038,0
2018-03-12,12.038,12.038,12.038,12.038,0
2018-03-13,12.038,12.038,12.038,12.038,0
2018-03-14,12.038,12.038,12.038,12.038,0
2018-03-15,12.038,12.038,12.038,12.038,0
2018-03-16,12.038,12.038,12.038,12.038,0
2018-03-19,10.9069,10.9069,10.9069,10.9069,900
2018-03-20,10.9069,10.9069,10.9069,10.9069,0
2018-03-21,10.9069,10.9069,10.9069,10.9069,0
2018-03-22,10.9069,10.9069,10.9069,10.9069,0
2018-03-23,10.9069,10.9069,10.9069,10.9069,0
2018-03-26,10.9069,10.9069,10.9069,10.9069,0
2018-03-27,10.9069,10.9069,10.9069,10.9069,0
2018-03-28,10.9069,10.9069,10.9069,10.9069,0
2018-03-29,10.9069,10.9069,10.9069,10.9069,0
2018-03-30,10.9069,10.9069,10.9069,10.9069,0
2018-04-02,10.9069,10.9069,10.9069,10.9069,0
2018-04-03,10.9069,10.9069,10.9069,10.9069,0
2018-04-04,10.9069,10.9069,10.9069,10.9069,0
2018-04-05,10.9069,10.9069,10.9069,10.9069,0
2018-04-06,10.9069,10.9069,10.9069,10.9069,0
2018-04-09,10.9069,10.9069,10.9069,10.9069,0
2018-04-10,10.9069,10.9069,10.9069,10.9069,0
2018-04-11,10.9069,10.9069,10.9069,10.9069,0
2018-04-12,10.9069,10.9069,10.9069,10.9069,0
2018-04-13,10.9069,10.9069,10.9069,10.9069,0
2018-04-16,10.9069,10.9069,10.9069,10.9069,0
2018-04-17,10.9069,10.9069,10.9069,10.9069,0
2018-04-18,10.9069,10.9069,10.9069,10.9069,0
2018-04-19,10.9069,10.9069,10.9069,10.9069,0
2018-04-20,10.9069,10.9069,10.9069,10.9069,0
2018-04-23,10.9069,10.9069,10.9069,10.9069,0
2018-04-24,10.9069,10.9069,10.9069,10.9069,0
2018-04-26,10.9069,10.9069,10.9069,10.9069,0
2018-04-27,10.9069,10.9069,10.9069,10.9069,0
2018-05-02,11.634,11.634,11.634,11.634,100
2018-05-03,11.634,11.634,11.634,11.634,0
2018-05-04,11.3916,11.3916,11.3916,11.3916,100
2018-05-07,11.3916,11.3916,11.3916,11.3916,95
2018-05-08,11.3916,11.3916,11.3916,11.3916,0
2018-05-09,11.3916,11.3916,11.3916,11.3916,0
2018-05-10,11.3916,11.3916,11.3916,11.3916,70
2018-05-11,11.3916,11.3916,11.3916,11.3916,25
2018-05-14,11.3916,11.3916,11.3916,11.3916,0
2018-05-15,11.3916,11.3916,11.3916,11.3916,0
2018-05-16,11.3916,11.3916,11.3916,11.3916,0
2018-05-17,11.3916,11.3916,11.3916,11.3916,0
2018-05-18,11.3916,11.3916,11.3916,11.3916,0
2018-05-21,11.3916,11.3916,11.3916,11.3916,0
2018-05-22,11.3916,11.3916,11.3916,11.3916,0
2018-05-23,11.3916,11.3916,11.3916,11.3916,0
2018-05-24,11.3916,11.3916,11.3916,11.3916,0
2018-05-25,11.3916,11.3916,11.3916,11.3916,0
2018-05-28,11.3916,11.3916,11.3916,11.3916,0
2018-05-29,11.3916,11.3916,11.3916,11.3916,0
2018-05-30,11.3916,11.3916,11.3916,11.3916,0
2018-05-31,11.3916,11.3916,11.3916,11.3916,0
2018-06-01,11.3916,11.3916,11.3916,11.3916,0
2018-06-04,11.3916,11.3916,11.3916,11.3916,0
2018-06-05,11.3916,11.3916,11.3916,11.3916,0
2018-06-06,12.5227,12.5227,12.5227,12.5227,100
2018-06-07,12.5227,12.5227,12.5227,12.5227,0
2018-06-08,12.5227,12.5227,12.5227,12.5227,0
2018-06-11,12.5227,12.5227,12.5227,12.5227,0
2018-06-12,12.5227,12.5227,12.5227,12.5227,0
2018-06-13,12.5227,12.5227,12.5227,12.5227,0
2018-06-14,12.5227,12.5227,12.5227,12.5227,0
2018-06-15,12.5227,12.5227,12.5227,12.5227,0
2018-06-18,12.5227,12.5227,12.5227,12.5227,0
2018-06-19,12.5227,12.5227,12.5227,12.5227,0
2018-06-20,12.5227,12.5227,12.5227,12.5227,0
2018-06-21,12.5227,12.5227,12.5227,12.5227,0
2018-06-22,12.5227,12.5227,12.5227,12.5227,0
2018-06-25,12.5227,12.5227,12.5227,12.5227,0
2018-06-26,12.5227,12.5227,12.5227,12.5227,0
2018-06-27,12.5227,12.5227,12.5227,12.5227,0
2018-06-28,12.5227,12.5227,12.5227,12.5227,0
2018-06-29,12.5227,12.5227,12.5227,12.5227,0
2018-07-02,12.5227,12.5227,12.5227,12.5227,0
2018-07-03,12.5227,12.5227,12.5227,12.5227,0
2018-07-04,12.5227,12.5227,12.5227,12.5227,0
2018-07-05,12.5227,12.5227,12.5227,12.5227,0
2018-07-06,12.5227,12.5227,12.5227,12.5227,0
2018-07-09,12.5227,12.5227,12.5227,12.5227,0
2018-07-10,12.5227,12.5227,12.5227,12.5227,0
2018-07-11,12.5227,12.5227,12.5227,12.5227,0
2018-07-12,12.5227,12.5227,12.5227,12.5227,0
2018-07-13,12.5227,12.5227,12.5227,12.5227,0
2018-07-16,12.5227,12.5227,12.5227,12.5227,0
2018-07-17,12.5227,12.5227,12.5227,12.5227,0
2018-07-18,12.5227,12.5227,12.5227,12.5227,0
2018-07-19,12.5227,12.5227,12.5227,12.5227,0
2018-07-20,12.5227,12.5227,12.5227,12.5227,0
2018-07-23,12.5227,12.5227,12.5227,12.5227,0
2018-07-24,12.5227,12.5227,12.5227,12.5227,0
2018-07-25,12.5227,12.5227,12.5227,12.5227,0
2018-07-26,12.5227,12.5231,12.5227,12.5231,0
2018-07-27,12.5231,12.5231,12.5231,12.5231,0
2018-07-30,12.5231,12.5231,12.5231,12.5231,0
2018-07-31,12.5231,12.5231,12.5231,12.5231,0
2018-08-01,12.5231,12.5231,12.5231,12.5231,0
2018-08-02,12.5231,12.5231,12.5231,12.5231,0
2018-08-03,12.5231,12.5231,12.5231,12.5231,0
2018-08-06,12.5231,12.5231,12.5231,12.5231,0
2018-08-07,12.5231,12.5231,12.5231,12.5231,0
2018-08-08,12.5231,12.5231,12.5231,12.5231,0
2018-08-09,12.5231,12.5231,12.5231,12.5231,0
2018-08-10,12.5231,12.5231,12.5231,12.5231,0
2018-08-13,12.5231,12.5231,12.5231,12.5231,0
2018-08-14,12.5231,12.5231,12.5231,12.5231,0
2018-08-15,12.5231,12.5231,12.5231,12.5231,0
2018-08-16,12.5231,12.5231,12.5231,12.5231,0
2018-08-17,12.5231,12.5231,12.5231,12.5231,0
2018-08-20,12.5231,12.5231,12.5231,12.5231,0
2018-08-21,12.5231,12.5231,12.5231,12.5231,0
2018-08-22,12.5231,12.5231,12.5231,12.5231,0
2018-08-23,12.5231,12.5231,12.5231,12.5231,0
2018-08-24,12.5231,12.5231,12.5231,12.5231,0
2018-08-27,12.5231,12.5231,12.5231,12.5231,0
2018-08-28,12.5231,12.5231,12.5231,12.5231,0
2018-08-29,12.5231,12.5231,12.5231,12.5231,0
2018-08-30,12.5231,12.5231,12.5231,12.5231,0
2018-08-31,12.5231,12.5231,12.5231,12.5231,0
2018-09-04,12.5231,12.5231,12.5231,12.5231,0
2018-09-05,12.5231,12.5231,12.5231,12.5231,0
2018-09-06,12.5231,12.5231,12.5231,12.5231,0
2018-09-07,12.5231,12.5231,12.5231,12.5231,0
2018-09-10,12.5231,12.5231,12.5231,12.5231,0
2018-09-11,12.5231,12.5231,12.5231,12.5231,0
2018-09-12,12.5231,12.5231,12.5231,12.5231,0
2018-09-13,12.5231,12.5231,12.5231,12.5231,0
2018-09-14,12.5231,12.5231,12.5231,12.5231,0
2018-09-17,12.5231,12.5231,12.5231,12.5231,0
2018-09-18,12.5231,12.5231,12.5231,12.5231,0
2018-09-19,12.5231,12.5231,12.5231,12.5231,0
2018-09-20,12.5231,12.5231,12.5231,12.5231,0
2018-09-21,12.5231,12.5231,12.5231,12.5231,0
2018-09-24,12.5231,12.5231,12.5231,12.5231,0
2018-09-25,12.5231,12.5231,12.5231,12.5231,0
2018-09-26,12.5231,12.5231,12.5231,12.5231,0
2018-09-27,12.5231,12.5231,12.5231,12.5231,0
2018-09-28,12.5231,12.5231,12.5231,12.5231,0
2018-10-01,12.5231,12.5231,12.5231,12.5231,0
2018-10-02,12.5231,12.5231,12.5231,12.5231,0
2018-10-03,12.5231,12.5231,12.5231,12.5231,0
2018-10-04,12.5231,12.5231,12.5231,12.5231,0
2018-10-05,12.5231,12.5231,12.5231,12.5231,0
2018-10-08,12.5231,12.5231,12.5231,12.5231,0
2018-10-09,12.5231,12.5231,12.5231,12.5231,0
2018-10-10,12.5231,12.5231,12.5231,12.5231,0
2018-10-11,12.5231,12.5231,12.5231,12.5231,0
2018-10-12,12.5231,12.5231,12.5231,12.5231,0
2018-10-15,12.5231,12.5231,12.5231,12.5231,0
2018-10-16,12.5231,12.5231,12.5231,12.5231,0
2018-10-17,12.5231,12.5231,12.5231,12.5231,0
2018-10-18,12.5231,12.5231,12.5231,12.5231,0
2018-10-19,12.5231,12.5231,12.5231,12.5231,0
2018-10-22,12.5231,12.5231,12.5231,12.5231,0
2018-10-23,12.5231,12.5231,12.5231,12.5231,0
2018-10-24,12.5231,12.5231,12.5231,12.5231,0
2018-10-25,12.5231,12.5231,12.5231,12.5231,0
2018-10-26,12.5231,12.5231,12.5231,12.5231,0
2018-10-29,12.5231,12.5231,12.5231,12.5231,0
2018-10-30,12.5231,12.5231,12.5231,12.5231,0
2018-10-31,12.5231,12.5231,12.5231,12.5231,0
2018-11-01,12.5231,12.5231,12.5231,12.5231,0
2018-11-02,12.5231,12.5231,12.5231,12.5231,0
2018-11-05,12.5231,12.5231,12.5231,12.5231,0
2018-11-06,12.5231,12.5231,12.5231,12.5231,0
2018-11-07,13.7322,13.7323,13.7322,13.7323,1000
2018-11-08,13.7323,13.7323,13.7323,13.7323,0
2018-11-09,13.7323,13.7323,13.7323,13.7323,0
2018-11-12,13.7323,13.7323,13.7323,13.7323,0
2018-11-13,13.7323,13.7323,13.7323,13.7323,0
2018-11-14,13.7323,13.7323,13.7323,13.7323,0
2018-11-15,13.7323,13.7323,13.7323,13.7323,0
2018-11-16,13.7323,13.7323,13.7323,13.7323,0
2018-11-19,13.7323,13.7323,13.7323,13.7323,0
2018-11-20,13.7323,13.7323,13.7323,13.7323,0
2018-11-21,13.7323,13.7323,13.7323,13.7323,0
2018-11-22,14.6823,14.6823,14.6823,14.6823,200
2018-11-23,15.546,15.546,15.546,15.546,300
2018-11-26,15.546,15.546,15.546,15.546,0
2018-11-27,15.546,15.546,15.546,15.546,0
2018-11-28,15.546,15.546,15.546,15.546,0
2018-11-29,15.546,15.546,15.546,15.546,0
2018-11-30,15.546,15.546,15.546,15.546,0
2018-12-03,15.546,15.546,15.546,15.546,0
2018-12-04,15.546,15.546,15.546,15.546,0
2018-12-05,15.546,15.546,15.546,15.546,0
2018-12-06,15.546,15.546,15.546,15.546,0
2018-12-07,15.546,15.546,15.546,15.546,0
2018-12-10,15.546,15.546,15.546,15.546,0
2018-12-11,15.546,15.546,15.546,15.546,0
2018-12-12,15.546,15.546,15.546,15.546,0
2018-12-13,15.546,15.546,15.546,15.546,0
2018-12-14,15.546,15.546,15.546,15.546,0
2018-12-17,15.546,15.546,15.546,15.546,0
2018-12-18,15.546,15.546,15.546,15.546,0
2018-12-19,15.546,15.546,15.546,15.546,0
2018-12-20,15.546,15.546,15.546,15.546,0
2018-12-21,15.546,15.546,15.546,15.546,0
2018-12-24,15.546,15.546,15.546,15.546,0
2018-12-25,15.546,15.546,15.546,15.546,0
2018-12-26,15.546,15.546,15.546,15.546,0
2018-12-27,15.546,15.546,15.546,15.546,100
2018-12-28,15.546,15.546,15.546,15.546,0
2019-01-02,15.546,15.546,15.546,15.546,0
2019-01-03,15.546,15.546,15.546,15.546,0
2019-01-04,15.546,15.546,15.546,15.546,0
2019-01-07,15.546,15.546,15.546,15.546,0
2019-01-08,15.546,15.546,15.546,15.546,0
2019-01-09,15.546,15.546,15.546,15.546,0
2019-01-10,15.546,15.546,15.546,15.546,0
2019-01-11,15.546,15.546,15.546,15.546,0
2019-01-14,15.546,15.546,15.546,15.546,0
2019-01-15,15.546,15.546,15.546,15.546,0
2019-01-16,15.546,15.546,15.546,15.546,0
2019-01-17,15.546,15.546,15.546,15.546,0
2019-01-18,15.546,15.546,15.546,15.546,0
2019-01-21,15.546,15.546,15.546,15.546,0
2019-01-22,15.546,15.546,15.546,15.546,0
2019-01-23,15.546,15.546,15.546,15.546,0
2019-01-24,15.546,15.546,15.546,15.546,0
2019-01-25,15.546,15.546,15.546,15.546,0
2019-01-28,15.546,15.546,15.546,15.546,0
2019-01-29,15.546,15.546,15.546,15.546,0
2019-01-30,15.546,15.546,15.546,15.546,0
2019-01-31,15.1142,15.1142,15.1141,15.1141,400
2019-02-01,15.1141,15.1141,15.1141,15.1141,0
2019-02-11,15.1141,15.1141,15.1141,15.1141,0
2019-02-12,15.1141,15.1141,15.1141,15.1141,0
2019-02-13,15.1141,15.1141,15.1141,15.1141,0
2019-02-14,15.1141,15.1141,15.1141,15.1141,0
2019-02-15,15.1141,15.1141,15.1141,15.1141,0
2019-02-18,15.1141,15.1141,15.1141,15.1141,0
2019-02-19,15.1141,15.1141,15.1141,15.1141,0
2019-02-20,15.1141,15.1141,15.1141,15.1141,0
2019-02-21,15.1141,15.1141,15.1141,15.1141,0
2019-02-22,15.1141,15.1141,15.1141,15.1141,0
2019-02-25,15.1141,15.1141,15.1141,15.1141,0
2019-02-26,15.1141,15.1141,15.1141,15.1141,0
2019-02-27,15.1141,15.1141,15.1141,15.1141,0
2019-02-28,15.1141,15.1141,15.1141,15.1141,0
2019-03-01,15.1141,15.1141,15.1141,15.1141,0
2019-03-04,15.1141,15.1141,15.1141,15.1141,0
2019-03-05,15.1141,15.1141,15.1141,15.1141,0
2019-03-06,15.1141,15.1141,15.1141,15.1141,0
2019-03-07,15.1141,15.1141,15.1141,15.1141,0
2019-03-08,15.1141,15.1141,15.1141,15.1141,0
2019-03-11,15.1141,15.1141,15.1141,15.1141,0
2019-03-12,15.1141,15.1141,15.1141,15.1141,0
2019-03-13,15.1141,15.1141,15.1141,15.1141,0
2019-03-14,15.1141,15.1141,15.1141,15.1141,0
2019-03-15,15.1141,15.1141,15.1141,15.1141,0
2019-03-18,15.1141,15.1141,15.1141,15.1141,0
2019-03-19,15.1141,15.1141,15.1141,15.1141,0
2019-03-20,15.1141,15.1141,15.1141,15.1141,0
2019-03-21,15.1141,15.1141,15.1141,15.1141,0
2019-03-22,15.1141,15.1141,15.1141,15.1141,0
2019-03-25,15.1141,15.1141,15.1141,15.1141,0
2019-03-26,15.1141,15.1141,15.1141,15.1141,0
2019-03-27,15.1141,15.1141,15.1141,15.1141,0
2019-03-28,15.1141,15.1141,15.1141,15.1141,0
2019-03-29,15.1141,15.1141,15.1141,15.1141,0
2019-04-01,15.1141,15.1141,15.1141,15.1141,0
2019-04-02,15.1141,15.1141,15.1141,15.1141,0
2019-04-03,15.1141,15.1141,15.1141,15.1141,0
2019-04-04,15.1141,15.1141,15.1141,15.1141,0
2019-04-05,15.1141,15.1141,15.1141,15.1141,0
2019-04-08,15.1141,15.1141,15.1141,15.1141,0
2019-04-09,15.1141,15.1141,15.1141,15.1141,0
2019-04-10,15.1141,15.1141,15.1141,15.1141,0
2019-04-11,15.1141,15.1141,15.1141,15.1141,0
2019-04-12,15.1141,15.1141,15.1141,15.1141,0
2019-04-16,15.1141,15.1141,15.1141,15.1141,0
2019-04-17,15.1141,15.1141,15.1141,15.1141,0
2019-04-18,15.1141,15.1141,15.1141,15.1141,0
2019-04-19,15.1141,15.1141,15.1141,15.1141,0
2019-04-22,15.1141,15.1141,15.1141,15.1141,0
2019-04-23,15.1141,15.1141,15.1141,15.1141,0
2019-04-24,15.1141,15.1141,15.1141,15.1141,0
2019-04-25,15.1141,15.1141,15.1141,15.1141,0
2019-04-26,15.1141,15.1141,15.1141,15.1141,0
2019-05-02,15.1141,15.1141,15.1141,15.1141,0
2019-05-03,15.1141,15.1141,15.1141,15.1141,0
2019-05-06,15.1141,15.1141,15.1141,15.1141,0
2019-05-07,15.1141,15.1141,15.1141,15.1141,0
2019-05-08,15.1141,15.1141,15.1141,15.1141,0
2019-05-09,15.1141,15.1141,15.1141,15.1141,0
2019-05-10,15.1141,15.1141,15.1141,15.1141,0
2019-05-13,15.1141,15.1141,15.1141,15.1141,0
2019-05-14,15.1141,15.1141,15.1141,15.1141,0
2019-05-15,15.1141,15.1141,15.1141,15.1141,0
2019-05-16,15.1141,15.1141,15.1141,15.1141,0
2019-05-17,15.1141,15.1141,15.1141,15.1141,0
2019-05-20,15.1141,15.1141,15.1141,15.1141,0
2019-05-21,15.1141,15.1141,15.1141,15.1141,0
2019-05-22,15.1141,15.1141,15.1141,15.1141,0
2019-05-23,15.1141,15.1141,15.1141,15.1141,0
2019-05-24,15.1141,15.1141,15.1141,15.1141,0
2019-05-27,15.1141,15.1141,15.1141,15.1141,0
2019-05-28,15.1141,15.1141,15.114,15.114,0
2019-05-29,15.114,15.114,15.114,15.114,0
2019-05-30,15.114,15.114,15.114,15.114,0
2019-05-31,15.114,15.114,15.114,15.114,0
2019-06-03,15.114,15.114,15.114,15.114,0
2019-06-04,15.114,15.114,15.114,15.114,0
2019-06-05,15.114,15.114,15.114,15.114,0
2019-06-06,15.114,15.114,15.114,15.114,0
2019-06-07,15.114,15.114,15.114,15.114,0
2019-06-10,15.114,15.114,15.114,15.114,0
2019-06-11,16.5796,16.5796,16.5796,16.5796,300
2019-06-12,16.5796,16.5796,16.5796,16.5796,0
2019-06-13,16.5796,16.5796,16.5796,16.5796,0
2019-06-14,18.2284,18.2285,18.2284,18.2285,200
2019-06-17,18.2285,18.2285,18.2285,18.2285,0
2019-06-18,18.2285,18.2285,18.2285,18.2285,0
2019-06-19,18.2285,18.2285,18.2285,18.2285,0
2019-06-20,16.4881,16.4881,16.488,16.488,100
2019-06-21,16.488,16.488,16.488,16.488,0
2019-06-24,16.488,16.488,16.488,16.488,0
2019-06-25,16.488,16.488,16.488,16.488,0
2019-06-26,16.488,16.488,16.488,16.488,0
2019-06-27,16.488,16.488,16.488,16.488,0
2019-06-28,16.488,16.488,16.488,16.488,0
2019-07-01,16.488,16.488,16.488,16.488,0
2019-07-02,16.488,16.488,16.488,16.488,0
2019-07-03,16.488,16.488,16.488,16.488,0
2019-07-04,16.488,16.488,16.488,16.488,0
2019-07-05,16.488,16.488,16.488,16.488,0
2019-07-08,16.488,16.488,16.488,16.488,0
2019-07-09,16.488,16.488,16.488,16.488,0
2019-07-10,16.488,16.488,16.488,16.488,0
2019-07-11,16.488,16.488,16.488,16.488,0
2019-07-12,16.488,16.488,16.488,16.488,0
2019-07-15,16.488,16.488,16.488,16.488,0
2019-07-16,16.488,16.488,16.488,16.488,0
2019-07-17,16.488,16.488,16.488,16.488,0
2019-07-18,16.488,16.488,16.488,16.488,0
2019-07-19,16.488,16.488,16.488,16.488,0
2019-07-22,16.488,16.488,16.488,16.488,0
2019-07-23,16.488,16.488,16.488,16.488,0
2019-07-24,14.8392,14.8392,14.8392,14.8392,100
2019-07-25,14.8392,14.8392,14.8392,14.8392,0
2019-07-26,14.8392,14.8392,14.8392,14.8392,0
2019-07-29,14.8392,14.8392,14.8392,14.8392,0
2019-07-30,14.8392,14.8392,14.8392,14.8392,0
2019-07-31,14.8392,14.8392,14.8392,14.8392,0
2019-08-01,14.8392,14.8392,14.8392,14.8392,0
2019-08-02,14.8392,14.8392,14.8392,14.8392,0
2019-08-05,14.8392,14.8392,14.8392,14.8392,0
2019-08-06,14.8392,14.8392,14.8392,14.8392,0
2019-08-07,14.8392,14.8392,14.8392,14.8392,0
2019-08-08,14.8392,14.8392,14.8392,14.8392,0
2019-08-09,14.8392,14.8392,14.8392,14.8392,0
2019-08-12,14.8392,14.8392,14.8392,14.8392,0
2019-08-13,14.8392,14.8392,14.8392,14.8392,0
2019-08-14,14.8392,14.8392,14.8392,14.8392,0
2019-08-15,14.8392,14.8392,14.8392,14.8392,0
2019-08-16,14.8392,14.8392,14.8392,14.8392,0
2019-08-19,14.8392,14.8392,14.8392,14.8392,0
2019-08-20,14.8392,14.8392,14.8392,14.8392,0
2019-08-21,14.8392,14.8392,14.8392,14.8392,0
2019-08-22,14.8392,14.8392,14.8392,14.8392,0
2019-08-23,14.8392,14.8392,14.8392,14.8392,0
2019-08-26,14.8392,14.8392,14.8392,14.8392,0
2019-08-27,14.8392,14.8392,14.8392,14.8392,0
2019-08-28,14.8392,14.8392,14.8392,14.8392,0
2019-08-29,14.8392,14.8392,14.8392,14.8392,0
2019-08-30,14.8392,14.8392,14.8392,14.8392,0
2019-09-03,14.8392,14.8392,14.8392,14.8392,0
2019-09-04,14.8392,14.8392,14.8392,14.8392,0
2019-09-05,14.8392,14.8392,14.8392,14.8392,0
2019-09-06,14.8392,14.8392,14.8392,14.8392,0
2019-09-09,14.8392,14.8392,14.8392,14.8392,0
2019-09-10,14.8392,14.8392,14.8392,14.8392,0
2019-09-11,14.8392,14.8392,14.8392,14.8392,0
2019-09-12,14.8392,14.8392,14.8392,14.8392,0
2019-09-13,14.8392,14.8392,14.8392,14.8392,0
2019-09-16,14.8392,14.8392,14.8392,14.8392,0
2019-09-17,14.8392,14.8392,14.8392,14.8392,0
2019-09-18,14.8392,14.8392,14.8392,14.8392,0
2019-09-19,14.8392,14.8392,14.8392,14.8392,0
2019-09-20,14.8392,14.8392,14.8392,14.8392,0
2019-09-23,14.8392,14.8392,14.8392,14.8392,0
2019-09-24,14.8392,14.8392,14.8392,14.8392,0
2019-09-25,14.8392,14.8392,14.8392,14.8392,0
2019-09-26,14.8392,14.8392,14.8392,14.8392,0
2019-09-27,14.8392,14.8392,14.8392,14.8392,0
2019-09-30,14.8392,14.8392,14.8392,14.8392,0
2019-10-01,14.8392,14.8392,14.8392,14.8392,0
2019-10-02,14.8392,14.8392,14.8392,14.8392,0
2019-10-03,14.8392,14.8392,14.8392,14.8392,0
2019-10-04,14.8392,14.8392,14.8392,14.8392,0
2019-10-07,14.8392,14.8392,14.8392,14.8392,0
2019-10-08,14.8392,14.8392,14.8392,14.8392,0
2019-10-09,14.8392,14.8392,14.8392,14.8392,0
2019-10-10,14.8392,14.8392,14.8392,14.8392,0
2019-10-11,14.8392,14.8392,14.8392,14.8392,0
2019-10-14,14.8392,14.8392,14.8392,14.8392,0
2019-10-15,14.8392,14.8392,14.8392,14.8392,0
2019-10-16,14.8392,14.8392,14.8392,14.8392,0
2019-10-17,14.8392,14.8392,14.8392,14.8392,0
2019-10-18,14.8392,14.8392,14.8392,14.8392,0
2019-10-21,14.8392,14.8392,14.8392,14.8392,0
2019-10-22,14.8392,14.8392,14.8392,14.8392,0
2019-10-23,14.8392,14.8392,14.8392,14.8392,0
2019-10-24,14.8392,14.8392,14.8392,14.8392,0
2019-10-25,14.8392,14.8392,14.8392,14.8392,0
2019-10-28,14.8392,14.8392,14.8392,14.8392,0
2019-10-29,14.8392,14.8392,14.8392,14.8392,0
2019-10-30,14.8392,14.8392,14.8392,14.8392,0
2019-10-31,14.8392,14.8392,14.8392,14.8392,0
2019-11-01,14.8392,14.8392,14.8392,14.8392,0
2019-11-04,14.8392,14.8392,14.8392,14.8392,0
2019-11-05,14.8392,14.8392,14.8392,14.8392,0
2019-11-06,14.8392,14.8392,14.8392,14.8392,0
2019-11-07,14.8392,14.8392,14.8392,14.8392,0
2019-11-08,14.8392,14.8392,14.8392,14.8392,0
2019-11-11,14.8392,14.8392,14.8392,14.8392,0
2019-11-12,14.8392,14.8392,14.8392,14.8392,0
2019-11-13,14.8392,14.8392,14.8392,14.8392,0
2019-11-14,14.8392,14.8392,14.8392,14.8392,0
2019-11-15,14.8392,14.8392,14.8392,14.8392,0
2019-11-18,14.8392,14.8392,14.8392,14.8392,0
2019-11-19,14.8392,14.8392,14.8392,14.8392,0
2019-11-20,14.8392,14.8392,14.8392,14.8392,0
2019-11-21,14.8392,14.8392,14.8392,14.8392,0
2019-11-22,14.8392,14.8392,14.8392,14.8392,0
2019-11-25,14.8392,14.8392,14.8392,14.8392,0
2019-11-26,14.8392,14.8392,14.8392,14.8392,0
2019-11-27,14.8392,14.8392,14.8392,14.8392,0
2019-11-28,14.8392,14.8392,14.8392,14.8392,0
2019-11-29,14.8392,14.8392,14.8392,14.8392,0
2019-12-02,14.8392,14.8392,14.8392,14.8392,0
2019-12-03,14.8392,14.8392,14.8392,14.8392,0
2019-12-04,14.8392,14.8392,14.8392,14.8392,0
2019-12-05,14.8392,14.8392,14.8392,14.8392,0
2019-12-06,14.8392,14.8392,14.8392,14.8392,0
2019-12-09,14.8392,14.8392,14.8392,14.8392,0
2019-12-10,14.8392,14.8392,14.8392,14.8392,0
2019-12-11,14.8392,14.8392,14.8392,14.8392,0
2019-12-12,14.8392,14.8392,14.8392,14.8392,0
2019-12-13,14.8392,14.8392,14.8392,14.8392,0
2019-12-16,14.8392,14.8392,14.8392,14.8392,0
2019-12-17,14.8392,14.8392,14.8392,14.8392,0
2019-12-18,14.8392,14.8392,14.8392,14.8392,0
2019-12-19,14.8392,14.8392,14.8392,14.8392,0
2019-12-20,14.8392,14.8392,14.8392,14.8392,0
2019-12-23,14.8392,14.8392,14.8392,14.8392,0
2019-12-24,14.8392,14.8392,14.8392,14.8392,0
2019-12-25,14.8392,14.8392,14.8392,14.8392,0
2019-12-26,14.8392,14.8392,14.8392,14.8392,0
2019-12-27,14.8392,14.8392,14.8392,14.8392,0
2019-12-30,14.8392,14.8392,14.8392,14.8392,0
2019-12-31,14.8392,14.8392,14.8392,14.8392,0
2020-01-02,14.8392,14.8392,14.8392,14.8392,0
2020-01-03,14.8392,14.8392,14.8392,14.8392,0
2020-01-06,14.8392,14.8392,14.8392,14.8392,0
2020-01-07,14.8392,14.8392,14.8392,14.8392,0
2020-01-08,14.8392,14.8392,14.8392,14.8392,0
2020-01-09,14.8392,14.8392,14.8392,14.8392,0
2020-01-10,14.8392,14.8392,14.8392,14.8392,0
2020-01-13,14.8392,14.8392,14.8392,14.8392,0
2020-01-14,14.8392,14.8392,14.8392,14.8392,0
2020-01-15,14.8392,14.8392,14.8392,14.8392,0
2020-01-16,14.8392,14.8392,14.8392,14.8392,0
2020-01-17,14.8392,14.8392,14.8392,14.8392,0
2020-01-20,14.8392,14.8392,14.8392,14.8392,0
2020-01-21,14.8392,14.8392,14.8392,14.8392,0
2020-01-22,14.8392,14.8392,14.8392,14.8392,0
2020-01-30,14.8392,14.8392,14.8392,14.8392,0
2020-01-31,14.8392,14.8392,14.8392,14.8392,8
2020-02-03,14.8392,14.8392,14.8392,14.8392,0
2020-02-04,14.8392,14.8392,14.8392,14.8392,0
2020-02-05,14.8392,14.8392,14.8392,14.8392,0
2020-02-06,14.8392,14.8392,14.8392,14.8392,0
2020-02-07,14.8392,14.8392,14.8392,14.8392,0
2020-02-10,14.8392,14.8392,14.8392,14.8392,0
2020-02-11,14.8392,14.8392,14.8392,14.8392,0
2020-02-12,14.8392,14.8392,14.8392,14.8392,0
2020-02-13,14.8392,14.8392,14.8392,14.8392,0
2020-02-14,14.8392,14.8392,14.8392,14.8392,0
2020-02-17,14.8392,14.8392,14.8392,14.8392,0
2020-02-18,14.8392,14.8392,14.8392,14.8392,0
2020-02-19,14.8392,14.8392,14.8392,14.8392,0
2020-02-20,14.8392,14.8392,14.8392,14.8392,0
2020-02-21,14.8392,14.8392,14.8392,14.8392,0
2020-02-24,14.8392,14.8392,14.8392,14.8392,0
2020-02-25,14.8392,14.8392,14.8392,14.8392,0
2020-02-26,14.8392,14.8392,14.8392,14.8392,0
2020-02-27,14.8392,14.8392,14.8392,14.8392,0
2020-02-28,14.8392,14.8392,14.8392,14.8392,0
2020-03-02,14.8392,14.8392,14.8392,14.8392,0
2020-03-03,14.8392,14.8392,14.8392,14.8392,0
2020-03-04,14.8392,14.8392,14.8392,14.8392,0
2020-03-05,14.8392,14.8392,14.8392,14.8392,0
2020-03-06,14.8392,14.8392,14.8392,14.8392,0
2020-03-09,14.8392,14.8392,14.8392,14.8392,0
2020-03-10,14.8392,14.8392,14.8392,14.8392,0
2020-03-11,14.8392,14.8392,14.8392,14.8392,0
2020-03-12,14.8392,14.8392,14.8392,14.8392,0
2020-03-13,14.8392,14.8392,14.8392,14.8392,0
2020-03-16,14.8392,14.8392,14.8392,14.8392,0
2020-03-17,14.8392,14.8392,14.8392,14.8392,0
2020-03-18,14.8392,14.8392,14.8392,14.8392,0
2020-03-19,14.8392,14.8392,14.8392,14.8392,0
2020-03-20,14.8392,14.8392,14.8392,14.8392,0
2020-03-23,14.8392,14.8392,14.8392,14.8392,0
2020-03-24,14.8392,14.8392,14.8392,14.8392,0
2020-03-25,14.8392,14.8392,14.8392,14.8392,0
2020-03-26,14.8392,14.8392,14.8392,14.8392,0
2020-03-27,14.8392,14.8392,14.8392,14.8392,0
2020-03-30,14.8392,14.8392,14.8392,14.8392,0
2020-03-31,14.8392,14.8392,14.8392,14.8392,0
2020-04-01,14.8392,14.8392,14.8392,14.8392,0
2020-04-03,14.8392,14.8392,14.8392,14.8392,0
2020-04-06,14.8392,14.8392,14.8392,14.8392,0
2020-04-07,14.8392,14.8392,14.8392,14.8392,0
2020-04-08,14.8392,14.8392,14.8392,14.8392,0
2020-04-09,14.8392,14.8392,14.8392,14.8392,0
2020-04-10,14.8392,14.8392,14.8392,14.8392,0
2020-04-13,14.8392,14.8392,14.8392,14.8392,0
2020-04-14,14.8392,14.8392,14.8392,14.8392,0
2020-04-15,14.8392,14.8392,14.8392,14.8392,0
2020-04-16,14.8392,14.8392,14.8392,14.8392,0
2020-04-17,14.8392,14.8392,14.8392,14.8392,0
2020-04-20,14.8392,14.8392,14.8392,14.8392,0
2020-04-21,14.8392,14.8392,14.8392,14.8392,0
2020-04-22,14.8392,14.8392,14.8392,14.8392,0
2020-04-23,14.8392,14.8392,14.8392,14.8392,0
2020-04-24,14.8392,14.8392,14.8392,14.8392,0
2020-04-27,14.8392,14.8392,14.8392,14.8392,0
2020-04-28,14.8392,14.8392,14.8392,14.8392,0
2020-04-29,14.8392,14.8392,14.8392,14.8392,0
2020-05-04,14.8392,14.8392,14.8392,14.8392,0
2020-05-05,14.8392,14.8392,14.8392,14.8392,0
2020-05-06,14.8392,14.8392,14.8392,14.8392,0
2020-05-07,14.8392,14.8392,14.8392,14.8392,0
2020-05-08,14.8392,14.8392,14.8392,14.8392,0
2020-05-11,14.8392,14.8392,14.8392,14.8392,0
2020-05-12,14.8392,14.8392,14.8392,14.8392,0
2020-05-13,14.8392,14.8392,14.8392,14.8392,0
2020-05-14,14.8392,14.8392,14.8392,14.8392,0
2020-05-15,14.8392,14.8392,14.8392,14.8392,0
2020-05-18,14.8392,14.8392,14.8392,14.8392,0
2020-05-19,14.8392,14.8392,14.8392,14.8392,0
2020-05-20,14.8392,14.8392,14.8392,14.8392,0
2020-05-21,14.8392,14.8392,14.8392,14.8392,0
2020-05-22,14.8392,14.8392,14.8392,14.8392,0
2020-05-25,14.8392,14.8392,14.8392,14.8392,0
2020-05-26,14.8392,14.8392,14.8392,14.8392,0
2020-05-27,14.8392,14.8392,14.8392,14.8392,0
2020-05-28,14.8392,14.8392,14.8392,14.8392,0
2020-05-29,14.8392,14.8392,14.8392,14.8392,0
2020-06-01,14.8392,14.8392,14.8392,14.8392,0
2020-06-02,14.8392,14.8392,14.8392,14.8392,0
2020-06-03,14.8392,14.8392,14.8392,14.8392,0
2020-06-04,14.8392,14.8392,14.8392,14.8392,0
2020-06-05,14.8392,14.8392,14.8392,14.8392,0
2020-06-08,14.8392,14.8392,14.8392,14.8392,0
2020-06-09,14.8392,14.8392,14.8392,14.8392,0
2020-06-10,14.8392,14.8392,14.8392,14.8392,0
2020-06-11,14.8392,14.8392,14.8392,14.8392,0
2020-06-12,14.8392,14.8392,14.8392,14.8392,0
2020-06-15,14.8392,14.8392,14.8392,14.8392,0
2020-06-16,14.8392,14.8392,14.8392,14.8392,0
2020-06-17,14.8392,14.8392,14.8392,14.8392,0
2020-06-18,14.8392,14.8392,14.8392,14.8392,0
2020-06-19,14.8392,14.8392,14.8392,14.8392,0
2020-06-22,14.8392,14.8392,14.8392,14.8392,0
2020-06-23,14.8392,14.8392,14.8392,14.8392,0
2020-06-24,14.8392,14.8392,14.8392,14.8392,0
2020-06-25,14.8392,14.8392,14.8392,14.8392,0
2020-06-26,14.8392,14.8392,14.8392,14.8392,0
2020-06-29,14.8392,14.8392,14.8392,14.8392,0
2020-06-30,14.8392,14.8392,14.8392,14.8392,0
2020-07-01,14.8392,14.8392,14.8392,14.8392,0
2020-07-02,14.8392,14.8392,14.8392,14.8392,0
2020-07-03,14.8392,14.8392,14.8392,14.8392,0
2020-07-06,14.8392,14.8392,14.8392,14.8392,0
2020-07-07,14.8392,14.8392,14.8392,14.8392,0
2020-07-08,13.3736,13.3736,13.3736,13.3736,100
2020-07-09,13.3736,13.3736,13.3736,13.3736,0
2020-07-10,13.3736,13.3736,13.3736,13.3736,0
2020-07-13,13.3736,13.3736,13.3736,13.3736,0
2020-07-14,13.3736,13.3736,13.3736,13.3736,0
2020-07-15,13.3736,13.3736,13.3736,13.3736,0
2020-07-16,13.3736,13.3736,13.3736,13.3736,0
2020-07-17,12.0912,12.0912,12.0912,12.0912,100
2020-07-20,10.9004,10.9004,10.9004,10.9004,100
2020-07-21,10.9004,10.9004,10.9004,10.9004,0
2020-07-22,10.9004,10.9004,10.9004,10.9004,0
2020-07-23,10.9004,10.9004,10.9004,10.9004,0
2020-07-24,10.9004,10.9004,10.9004,10.9004,0
2020-07-27,10.9004,10.9004,10.9004,10.9004,0
2020-07-28,10.9004,10.9004,10.9004,10.9004,0
2020-07-29,10.9004,10.9004,10.9004,10.9004,0
2020-07-30,10.9004,10.9004,10.9004,10.9004,0
2020-07-31,10.9004,10.9004,10.9004,10.9004,0
2020-08-03,10.9004,10.9004,10.9004,10.9004,0
2020-08-04,10.9004,10.9004,10.9004,10.9004,0
2020-08-05,10.9004,10.9004,10.9004,10.9004,0
2020-08-06,10.9004,10.9004,10.9004,10.9004,0
2020-08-07,10.9004,10.9004,10.9004,10.9004,0
2020-08-10,10.9004,10.9004,10.9004,10.9004,0
2020-08-11,10.9004,10.9004,10.9004,10.9004,0
2020-08-12,10.9004,10.9004,10.9004,10.9004,0
2020-08-13,10.9004,10.9004,10.9004,10.9004,0
2020-08-14,10.9,10.9,10.9,10.9,0
2020-08-17,10.9,10.9,10.9,10.9,0
2020-08-18,10.9,10.9,10.9,10.9,0
2020-08-19,10.9,10.9,10.9,10.9,0
2020-08-20,10.9,10.9,10.9,10.9,0
2020-08-21,10.9,10.9,10.9,10.9,0
2020-08-24,10.9,10.9,10.9,10.9,0
2020-08-25,10.9,10.9,10.9,10.9,0
2020-08-26,11.9,11.9,11.9,11.9,12000
2020-08-27,11.9,11.9,11.9,11.9,0
2020-08-28,11.9,11.9,11.9,11.9,0
2020-08-31,11.9,11.9,11.9,11.9,0
2020-09-01,11.9,11.9,11.9,11.9,0
2020-09-03,11.9,11.9,11.9,11.9,0
2020-09-04,11.9,11.9,11.9,11.9,0
2020-09-07,11.9,11.9,11.9,11.9,0
2020-09-08,11.9,11.9,11.9,11.9,0
2020-09-09,11.9,11.9,11.9,11.9,0
2020-09-10,11.9,11.9,11.9,11.9,0
2020-09-11,11.9,11.9,11.9,11.9,0
2020-09-14,11.9,11.9,11.9,11.9,0
2020-09-15,11.9,11.9,11.9,11.9,0
2020-09-16,11.9,11.9,11.9,11.9,0
2020-09-17,11.9,11.9,11.9,11.9,0
2020-09-18,11.9,11.9,11.9,11.9,0
2020-09-21,11.9,11.9,11.9,11.9,0
2020-09-22,11.9,11.9,11.9,11.9,0
2020-09-23,11.9,11.9,11.9,11.9,0
2020-09-24,11.9,11.9,11.9,11.9,0
2020-09-25,11.9,11.9,11.9,11.9,0
2020-09-28,11.9,11.9,11.9,11.9,0
2020-09-29,11.9,11.9,11.9,11.9,0
2020-09-30,11.9,11.9,11.9,11.9,0
2020-10-01,11.9,11.9,11.9,11.9,0
2020-10-02,11.9,11.9,11.9,11.9,0
2020-10-05,11.9,11.9,11.9,11.9,0
2020-10-06,11.9,11.9,11.9,11.9,0
2020-10-07,11.9,11.9,11.9,11.9,0
2020-10-08,11.9,11.9,11.9,11.9,0
2020-10-09,11.9,11.9,11.9,11.9,0
2020-10-12,11.9,11.9,11.9,11.9,0
2020-10-13,11.9,11.9,11.9,11.9,0
2020-10-14,11.9,11.9,11.9,11.9,0
2020-10-15,11.9,11.9,11.9,11.9,0
2020-10-16,11.9,11.9,11.9,11.9,0
2020-10-19,11.9,11.9,11.9,11.9,0
2020-10-20,11.9,11.9,11.9,11.9,0
2020-10-21,11.9,11.9,11.9,11.9,0
2020-10-22,11.9,11.9,11.9,11.9,0
2020-10-23,11.9,11.9,11.9,11.9,0
2020-10-26,11.9,11.9,11.9,11.9,0
2020-10-27,11.9,11.9,11.9,11.9,0
2020-10-28,11.9,11.9,11.9,11.9,0
2020-10-29,11.9,11.9,11.9,11.9,0
2020-10-30,11.9,11.9,11.9,11.9,0
2020-11-02,11.9,11.9,11.9,11.9,0
2020-11-03,11.9,11.9,11.9,11.9,0
2020-11-04,11.9,11.9,11.9,11.9,0
2020-11-05,11.9,11.9,11.9,11.9,0
2020-11-06,11.9,11.9,11.9,11.9,0
2020-11-09,11.9,11.9,11.9,11.9,0
2020-11-10,11.9,11.9,11.9,11.9,0
2020-11-11,11.9,11.9,11.9,11.9,0
2020-11-12,11.9,11.9,11.9,11.9,0
2020-11-13,11.9,11.9,11.9,11.9,0
2020-11-16,11.9,11.9,11.9,11.9,0
2020-11-17,11.9,11.9,11.9,11.9,0
2020-11-18,11.9,11.9,11.9,11.9,0
2020-11-19,11.9,11.9,11.9,11.9,0
2020-11-20,11.9,11.9,11.9,11.9,0
2020-11-23,11.9,11.9,11.9,11.9,0
2020-11-24,11.9,11.9,11.9,11.9,0
2020-11-25,11.9,11.9,11.9,11.9,0
2020-11-26,11.9,11.9,11.9,11.9,0
2020-11-27,11.9,11.9,11.9,11.9,0
2020-11-30,11.9,11.9,11.9,11.9,0
2020-12-01,11.9,11.9,11.9,11.9,0
2020-12-02,11.9,11.9,11.9,11.9,0
2020-12-03,11.9,11.9,11.9,11.9,0
2020-12-04,11.9,11.9,11.9,11.9,0
2020-12-07,11.9,11.9,11.9,11.9,0
2020-12-08,11.9,11.9,11.9,11.9,0
2020-12-09,11.9,11.9,11.9,11.9,0
2020-12-10,11.9,11.9,11.9,11.9,0
2020-12-11,11.9,11.9,11.9,11.9,0
2020-12-14,11.9,11.9,11.9,11.9,0
2020-12-15,11.9,11.9,11.9,11.9,0
2020-12-16,11.9,11.9,11.9,11.9,0
2020-12-17,11.9,11.9,11.9,11.9,0
2020-12-18,11.9,11.9,11.9,11.9,0
2020-12-21,11.9,11.9,11.9,11.9,0
2020-12-22,11.9,11.9,11.9,11.9,0
2020-12-23,11.9,11.9,11.9,11.9,0
2020-12-24,11.9,11.9,11.9,11.9,0
2020-12-25,11.9,11.9,11.9,11.9,0
2020-12-28,11.9,11.9,11.9,11.9,0
2020-12-29,11.9,11.9,11.9,11.9,0
2020-12-30,11.9,11.9,11.9,11.9,0
2020-12-31,11.9,11.9,11.9,11.9,0
2021-01-04,11.9,11.9,11.9,11.9,0
2021-01-05,11.9,11.9,11.9,11.9,0
2021-01-06,11.9,11.9,11.9,11.9,0
2021-01-07,11.9,11.9,11.9,11.9,0
2021-01-08,11.9,11.9,11.9,11.9,0
2021-01-11,11.9,11.9,11.9,11.9,0
2021-01-12,11.9,11.9,11.9,11.9,0
2021-01-13,11.9,11.9,11.9,11.9,0
2021-01-14,11.9,11.9,11.9,11.9,0
2021-01-15,11.9,11.9,11.9,11.9,0
2021-01-18,11.9,11.9,11.9,11.9,0
2021-01-19,11.9,11.9,11.9,11.9,0
2021-01-20,11.9,11.9,11.9,11.9,0
2021-01-21,11.9,11.9,11.9,11.9,0
2021-01-22,11.9,11.9,11.9,11.9,0
2021-01-25,11.9,11.9,11.9,11.9,0
2021-01-26,11.9,11.9,11.9,11.9,0
2021-01-27,11.9,11.9,11.9,11.9,0
2021-01-28,11.9,11.9,11.9,11.9,0
2021-01-29,11.9,11.9,11.9,11.9,0
2021-02-01,11.9,11.9,11.9,11.9,0
2021-02-02,11.9,11.9,11.9,11.9,0
2021-02-03,11.9,11.9,11.9,11.9,0
2021-02-04,11.9,11.9,11.9,11.9,0
2021-02-05,11.9,11.9,11.9,11.9,0
2021-02-08,11.9,11.9,11.9,11.9,0
2021-02-09,11.9,11.9,11.9,11.9,0
2021-02-17,11.9,11.9,11.9,11.9,0
2021-02-18,11.9,11.9,11.9,11.9,0
2021-02-19,11.9,11.9,11.9,11.9,0
2021-02-22,11.9,11.9,11.9,11.9,0
2021-02-23,11.9,11.9,11.9,11.9,0
2021-02-24,13.0,13.0,13.0,13.0,100
2021-02-25,14.3,14.3,14.3,14.3,100
2021-02-26,14.3,14.3,14.3,14.3,0
2021-03-01,15.7,15.7,15.7,15.7,300
2021-03-02,15.7,15.7,15.7,15.7,0
2021-03-03,15.7,15.7,15.7,15.7,0
2021-03-04,15.7,15.7,15.7,15.7,0
2021-03-05,15.7,15.7,15.7,15.7,0
2021-03-08,15.7,15.7,15.7,15.7,0
2021-03-09,15.7,15.7,15.7,15.7,0
2021-03-10,15.7,15.7,15.7,15.7,0
2021-03-11,15.7,15.7,15.7,15.7,0
2021-03-12,17.2,17.2,17.2,17.2,100
2021-03-15,15.5,15.5,15.5,15.5,100
2021-03-16,15.5,15.5,15.5,15.5,0
2021-03-17,17.0,17.0,17.0,17.0,100
2021-03-18,18.0,18.0,18.0,18.0,100
2021-03-19,18.0,18.0,18.0,18.0,0
2021-03-22,18.0,18.0,18.0,18.0,0
2021-03-23,18.0,18.0,18.0,18.0,0
2021-03-24,18.0,18.0,18.0,18.0,0
2021-03-25,18.0,18.0,18.0,18.0,0
2021-03-26,18.0,18.0,18.0,18.0,0
2021-03-29,18.0,18.0,18.0,18.0,0
2021-03-30,18.0,18.0,18.0,18.0,0
2021-03-31,18.0,18.0,18.0,18.0,0
2021-04-01,18.0,18.0,18.0,18.0,0
2021-04-02,18.0,18.0,18.0,18.0,0
2021-04-05,18.0,18.0,18.0,18.0,0
2021-04-06,18.0,18.0,18.0,18.0,0
2021-04-07,18.0,18.0,18.0,18.0,0
2021-04-08,18.0,18.0,18.0,18.0,0
2021-04-09,18.0,18.0,18.0,18.0,0
2021-04-12,18.0,18.0,18.0,18.0,0
2021-04-13,18.0,18.0,18.0,18.0,0
2021-04-14,18.0,18.0,18.0,18.0,0
2021-04-15,18.0,18.0,18.0,18.0,0
2021-04-16,18.0,18.0,18.0,18.0,0
2021-04-19,18.0,18.0,18.0,18.0,0
2021-04-20,18.0,18.0,18.0,18.0,0
2021-04-22,18.0,18.0,18.0,18.0,0
2021-04-23,18.0,18.0,18.0,18.0,0
2021-04-26,18.0,18.0,18.0,18.0,0
2021-04-27,18.0,18.0,18.0,18.0,0
2021-04-28,18.0,18.0,18.0,18.0,0
2021-04-29,18.0,18.0,18.0,18.0,0
2021-05-04,18.0,18.0,18.0,18.0,0
2021-05-05,18.0,18.0,18.0,18.0,0
2021-05-06,18.0,18.0,18.0,18.0,0
2021-05-07,18.0,18.0,18.0,18.0,0
2021-05-10,18.0,18.0,18.0,18.0,0
2021-05-11,18.0,18.0,18.0,18.0,0
2021-05-12,18.0,18.0,18.0,18.0,0
2021-05-13,18.0,18.0,18.0,18.0,0
2021-05-14,18.0,18.0,18.0,18.0,0
2021-05-17,18.0,18.0,18.0,18.0,0
2021-05-18,18.0,18.0,18.0,18.0,0
2021-05-19,18.0,18.0,18.0,18.0,0
2021-05-20,18.0,18.0,18.0,18.0,0
2021-05-21,18.0,18.0,18.0,18.0,0
2021-05-24,18.0,18.0,18.0,18.0,0
2021-05-25,18.0,18.0,18.0,18.0,0
2021-05-26,18.0,18.0,18.0,18.0,0
2021-05-27,18.0,18.0,18.0,18.0,0
2021-05-28,18.0,18.0,18.0,18.0,0
2021-05-31,18.0,18.0,18.0,18.0,0
2021-06-01,18.0,18.0,18.0,18.0,0
2021-06-02,18.0,18.0,18.0,18.0,0
2021-06-03,18.0,18.0,18.0,18.0,0
2021-06-04,18.0,18.0,18.0,18.0,0
2021-06-07,18.0,18.0,18.0,18.0,0
2021-06-08,18.0,18.0,18.0,18.0,0
2021-06-09,18.0,18.0,18.0,18.0,0
2021-06-10,18.0,18.0,18.0,18.0,0
2021-06-11,18.0,18.0,18.0,18.0,0
2021-06-14,18.0,18.0,18.0,18.0,0
2021-06-15,18.0,18.0,18.0,18.0,0
2021-06-16,18.0,18.0,18.0,18.0,0
2021-06-17,18.0,18.0,18.0,18.0,0
2021-06-18,18.0,18.0,18.0,18.0,0
2021-06-21,18.0,18.0,18.0,18.0,0
2021-06-22,18.0,18.0,18.0,18.0,0
2021-06-23,18.0,18.0,18.0,18.0,0
2021-06-24,18.0,18.0,18.0,18.0,0
2021-06-25,18.0,18.0,18.0,18.0,0
2021-06-28,18.0,18.0,18.0,18.0,0
2021-06-29,18.0,18.0,18.0,18.0,0
2021-06-30,18.0,18.0,18.0,18.0,0
2021-07-01,18.0,18.0,18.0,18.0,0
2021-07-02,18.0,18.0,18.0,18.0,0
2021-07-05,18.0,18.0,18.0,18.0,0
2021-07-06,18.0,18.0,18.0,18.0,0
2021-07-07,18.0,18.0,18.0,18.0,0
2021-07-08,18.0,18.0,18.0,18.0,0
2021-07-09,18.0,18.0,18.0,18.0,0
2021-07-12,18.0,18.0,18.0,18.0,0
2021-07-13,18.0,18.0,18.0,18.0,0
2021-07-14,18.0,18.0,18.0,18.0,0
2021-07-15,18.0,18.0,18.0,18.0,0
